Generation number: 0

Individual: 0:
0)	0.968993
1)	0.666433
2)	-0.507126
3)	0.00979644
4)	0.211158
5)	-0.872677
6)	0.48851
7)	-0.936827
8)	-0.596973
9)	-0.922422
10)	0.31431
11)	-0.205298
12)	0.866817
13)	0.855953
14)	-0.963439
15)	-0.243385

Individual: 1:
0)	-0.307535
1)	0.951231
2)	0.912717
3)	0.00582904
4)	0.22251
5)	0.79809
6)	-0.747063
7)	0.76867
8)	0.305826
9)	0.264565
10)	-0.792291
11)	-0.670766
12)	0.884152
13)	-0.856075
14)	0.543382
15)	-0.0475784

Individual: 2:
0)	-0.527451
1)	0.962035
2)	-0.531907
3)	0.654469
4)	-0.902585
5)	0.414228
6)	-0.427534
7)	0.634022
8)	-0.746574
9)	0.743828
10)	0.944212
11)	-0.824274
12)	0.443281
13)	0.373882
14)	-0.478011
15)	-0.161046

Individual: 3:
0)	0.861019
1)	-0.894284
2)	-0.249367
3)	0.744072
4)	0.783197
5)	-0.803644
6)	0.598132
7)	0.768914
8)	-0.770623
9)	-0.372539
10)	-0.000335704
11)	0.468245
12)	0.454451
13)	0.877682
14)	-0.210486
15)	-0.472091

Individual: 4:
0)	0.835383
1)	0.512131
2)	0.183508
3)	-0.433149
4)	-0.284585
5)	0.900266
6)	-0.12479
7)	0.0993988
8)	0.767876
9)	-0.624805
10)	0.807428
11)	0.46971
12)	-0.558947
13)	0.147313
14)	-0.317667
15)	-0.427717

Individual: 5:
0)	-0.950987
1)	0.283609
2)	-0.727714
3)	0.169225
4)	-0.931944
5)	-0.933348
6)	-0.40611
7)	-0.382
8)	0.203894
9)	-0.955443
10)	0.00766015
11)	-0.177892
12)	-0.209937
13)	0.084933
14)	0.306558
15)	0.21659

Individual: 6:
0)	0.0811487
1)	0.745109
2)	-0.145604
3)	0.601184
4)	-0.996826
5)	0.271584
6)	0.838618
7)	-0.366375
8)	-0.076693
9)	-0.459395
10)	0.697623
11)	-0.203711
12)	0.00137333
13)	0.252907
14)	-0.212378
15)	0.646657

Individual: 7:
0)	-0.313211
1)	0.694327
2)	-0.650685
3)	-0.833369
4)	0.921384
5)	-0.62389
6)	-0.161596
7)	-0.978393
8)	0.612659
9)	0.866146
10)	0.681509
11)	-0.458113
12)	0.938414
13)	-0.8764
14)	-0.479293
15)	0.239662

Individual: 8:
0)	-0.95349
1)	0.651601
2)	0.00863674
3)	-0.326334
4)	-0.288736
5)	0.776727
6)	0.216956
7)	0.473617
8)	-0.490768
9)	-0.628651
10)	0.720695
11)	-0.662465
12)	0.0777306
13)	-0.670217
14)	0.420392
15)	-0.185644

Individual: 9:
0)	-0.983093
1)	0.109897
2)	-0.834223
3)	0.684072
4)	-0.000152593
5)	-0.345378
6)	-0.757622
7)	-0.252235
8)	0.651357
9)	-0.995483
10)	0.78338
11)	-0.159215
12)	-0.240699
13)	0.914182
14)	-0.829279
15)	0.880856

Individual: 10:
0)	0.380291
1)	0.784845
2)	-0.513535
3)	0.763604
4)	0.402509
5)	-0.773431
6)	0.0773034
7)	0.918638
8)	-0.872188
9)	0.561327
10)	0.295022
11)	-0.661916
12)	-0.563768
13)	0.579699
14)	0.47557
15)	0.8905

Individual: 11:
0)	0.0946989
1)	-0.135289
2)	-0.781732
3)	-0.268227
4)	-0.227271
5)	-0.00558489
6)	0.028901
7)	-0.372967
8)	-0.671621
9)	0.935118
10)	0.387982
11)	0.994812
12)	-0.0749229
13)	0.939451
14)	-0.692007
15)	0.486251

Individual: 12:
0)	-0.456099
1)	-0.739494
2)	0.44084
3)	-0.0878018
4)	-0.547533
5)	0.994934
6)	0.798944
7)	0.330424
8)	-0.806452
9)	0.366802
10)	0.151646
11)	0.105136
12)	-0.344401
13)	-0.233314
14)	-0.83929
15)	0.752434

Individual: 13:
0)	0.787652
1)	0.855892
2)	-0.684133
3)	-0.617603
4)	-0.478195
5)	-0.949767
6)	0.733634
7)	-0.447554
8)	0.464583
9)	-0.304788
10)	0.882565
11)	-0.657765
12)	0.920774
13)	-0.755181
14)	0.296182
15)	0.464644

Individual: 14:
0)	0.811335
1)	-0.243019
2)	0.337016
3)	-0.776299
4)	-0.950865
5)	0.0176092
6)	-0.926267
7)	-0.866634
8)	0.933531
9)	-0.393353
10)	0.334025
11)	0.00827052
12)	0.126804
13)	-0.782525
14)	-0.00399792
15)	-0.659963

Individual: 15:
0)	-0.223914
1)	-0.457259
2)	0.580126
3)	0.771355
4)	0.341288
5)	0.0393994
6)	0.204688
7)	-0.520371
8)	0.693228
9)	-0.114841
10)	0.966735
11)	-0.715934
12)	0.0434889
13)	0.438337
14)	0.811579
15)	-0.712821

Individual: 16:
0)	-0.731132
1)	-0.485214
2)	-0.0471511
3)	0.864559
4)	-0.80694
5)	0.793268
6)	-0.0938444
7)	0.814325
8)	0.387249
9)	0.662343
10)	0.198096
11)	-0.520432
12)	0.05356
13)	-0.178747
14)	0.813776
15)	-0.344096

Individual: 17:
0)	0.552599
1)	-0.0526444
2)	-0.554918
3)	-0.903745
4)	-0.862178
5)	0.741752
6)	-0.39732
7)	0.426679
8)	-0.539964
9)	-0.33256
10)	0.65276
11)	-0.716483
12)	0.403302
13)	-0.309671
14)	-0.157079
15)	0.487533

Individual: 18:
0)	0.815668
1)	-0.66277
2)	-0.621326
3)	-0.936399
4)	-0.302835
5)	0.382855
6)	0.613147
7)	-0.0774865
8)	0.406781
9)	-0.522507
10)	0.412336
11)	-0.986267
12)	0.45201
13)	-0.970397
14)	-0.241005
15)	-0.235145

Individual: 19:
0)	-0.577624
1)	-0.345927
2)	-0.34257
3)	-0.382488
4)	0.630848
5)	-0.500534
6)	0.400922
7)	0.474044
8)	-0.976623
9)	0.767205
10)	-0.734672
11)	-0.133335
12)	0.922483
13)	0.733695
14)	0.691519
15)	0.661977

Individual: 20:
0)	0.162938
1)	-0.409955
2)	0.017304
3)	0.112644
4)	0.186926
5)	0.409955
6)	0.823969
7)	0.0697958
8)	0.656728
9)	-0.441389
10)	0.95764
11)	-0.832148
12)	0.15067
13)	0.856868
14)	-0.710623
15)	0.794427

Individual: 21:
0)	-0.496872
1)	-0.189978
2)	0.276223
3)	-0.342326
4)	-0.648183
5)	-0.782525
6)	0.384869
7)	0.764824
8)	0.454146
9)	0.471908
10)	-0.558275
11)	-0.378277
12)	0.335856
13)	-0.136204
14)	0.971191
15)	-0.530931

Individual: 22:
0)	0.834773
1)	0.201514
2)	0.584155
3)	0.365398
4)	0.100314
5)	-0.939451
6)	0.480636
7)	-0.0694906
8)	-0.386029
9)	-0.0254219
10)	-0.872555
11)	0.561632
12)	-0.209326
13)	-0.120579
14)	0.174841
15)	0.934446

Individual: 23:
0)	0.725089
1)	-0.875423
2)	-0.327006
3)	0.602222
4)	-0.354778
5)	-0.637074
6)	-0.34727
7)	-0.495346
8)	-0.364544
9)	-0.368206
10)	-0.868404
11)	-0.800348
12)	-0.809137
13)	-0.0613117
14)	0.608081
15)	-0.369854

Individual: 24:
0)	-0.832636
1)	0.662221
2)	-0.893124
3)	0.238502
4)	0.687918
5)	-0.916746
6)	-0.162572
7)	-0.758599
8)	0.568285
9)	-0.643422
10)	-0.472152
11)	-0.122959
12)	-0.174352
13)	-0.763421
14)	-0.50206
15)	-0.562609

Individual: 25:
0)	-0.169225
1)	-0.130222
2)	-0.468184
3)	-0.101291
4)	-0.332255
5)	-0.0343333
6)	0.615223
7)	-0.0384838
8)	-0.736808
9)	0.659474
10)	-0.402875
11)	-0.686209
12)	-0.152623
13)	0.378643
14)	-0.158971
15)	0.928831

Individual: 26:
0)	0.309915
1)	0.025483
2)	0.926023
3)	0.210974
4)	-0.987426
5)	-0.210913
6)	-0.538743
7)	0.801935
8)	-0.378399
9)	-0.101352
10)	0.0772423
11)	-0.141148
12)	0.521775
13)	0.630116
14)	0.653676
15)	0.618274

Individual: 27:
0)	0.375469
1)	-0.119968
2)	0.849422
3)	-0.942564
4)	-0.611438
5)	-0.382061
6)	-0.00460829
7)	0.466109
8)	0.845698
9)	-0.470016
10)	-0.586962
11)	0.740043
12)	0.477706
13)	-0.833369
14)	-0.77868
15)	0.211219

Individual: 28:
0)	0.223731
1)	0.90698
2)	0.694205
3)	0.824335
4)	-0.0500198
5)	-0.948424
6)	0.231666
7)	0.4738
8)	-0.311563
9)	-0.643056
10)	0.00656148
11)	-0.685904
12)	-0.0424512
13)	0.324015
14)	-0.650563
15)	-0.145543

Individual: 29:
0)	0.726798
1)	0.552355
2)	-0.0653401
3)	-0.348674
4)	0.589465
5)	-0.525437
6)	0.828913
7)	0.411359
8)	0.703726
9)	-0.219092
10)	0.466597
11)	0.316813
12)	-0.933287
13)	0.848079
14)	-0.387249
15)	-0.613819

Individual: 30:
0)	-0.317362
1)	-0.515061
2)	0.376934
3)	0.682485
4)	0.187902
5)	-0.693289
6)	-0.659658
7)	-0.81872
8)	0.495956
9)	-0.949522
10)	-0.140782
11)	-0.887448
12)	0.0241401
13)	-0.855098
14)	-0.394513
15)	-0.414045

Individual: 31:
0)	0.0649739
1)	0.846248
2)	0.409284
3)	-0.684622
4)	0.86462
5)	-0.747124
6)	0.463973
7)	0.252846
8)	-0.0294504
9)	0.512375
10)	-0.0425733
11)	0.944945
12)	-0.588183
13)	0.530869
14)	0.191504
15)	-0.575182

Individual: 32:
0)	0.273232
1)	-0.499863
2)	-0.7481
3)	0.451949
4)	0.226966
5)	-0.446883
6)	0.29191
7)	0.911374
8)	0.583605
9)	-0.139439
10)	-0.508713
11)	0.186193
12)	0.425214
13)	0.482162
14)	-0.245827
15)	-0.684866

Individual: 33:
0)	0.382672
1)	-0.716483
2)	-0.792779
3)	-0.252419
4)	-0.379192
5)	-0.767449
6)	0.561144
7)	-0.491317
8)	0.592029
9)	0.386944
10)	0.397809
11)	-0.412275
12)	-0.877194
13)	-0.114658
14)	0.446455
15)	0.36082

Individual: 34:
0)	0.39433
1)	0.255776
2)	-0.0904263
3)	0.861812
4)	0.380169
5)	-0.648305
6)	0.903073
7)	0.713187
8)	-0.696524
9)	0.230995
10)	0.0711386
11)	-0.470321
12)	0.676748
13)	0.287271
14)	0.440657
15)	-0.392987

Individual: 35:
0)	0.485092
1)	-0.0511795
2)	0.575304
3)	0.707999
4)	0.0773034
5)	0.25602
6)	-0.90643
7)	0.759514
8)	-0.673574
9)	-0.370281
10)	-0.387616
11)	-0.728813
12)	-0.37785
13)	-0.855464
14)	0.178747
15)	-0.709647

Individual: 36:
0)	-0.742607
1)	0.617481
2)	0.252724
3)	0.703543
4)	0.772881
5)	0.826167
6)	-0.696768
7)	0.69866
8)	0.820185
9)	0.168126
10)	0.0797449
11)	0.200232
12)	0.107517
13)	-0.925657
14)	0.622303
15)	0.0889615

Individual: 37:
0)	-0.0102237
1)	0.489059
2)	0.0723594
3)	0.0195013
4)	-0.734245
5)	-0.272134
6)	0.347026
7)	-0.351787
8)	-0.255409
9)	0.0284127
10)	0.738395
11)	-0.916318
12)	0.144627
13)	-0.896176
14)	-0.497787
15)	0.372234

Individual: 38:
0)	0.88641
1)	-0.98645
2)	-0.503342
3)	0.831111
4)	-0.65685
5)	0.662343
6)	-0.0656453
7)	0.042085
8)	0.11063
9)	-0.75927
10)	-0.689505
11)	-0.682669
12)	-0.141514
13)	-0.0797449
14)	-0.43083
15)	-0.549059

Individual: 39:
0)	-0.672964
1)	0.113742
2)	0.570177
3)	-0.432722
4)	0.030549
5)	-0.384442
6)	0.919492
7)	0.880551
8)	0.229835
9)	0.932981
10)	0.225501
11)	0.176061
12)	-0.262429
13)	-0.878903
14)	0.843196
15)	0.827509

Individual: 40:
0)	0.117649
1)	-0.565233
2)	0.169286
3)	0.161046
4)	-0.158483
5)	0.108921
6)	-0.449141
7)	0.980285
8)	0.964537
9)	0.58037
10)	0.869564
11)	0.0632649
12)	0.883419
13)	0.464034
14)	0.863826
15)	-0.554613

Individual: 41:
0)	-0.260414
1)	-0.405255
2)	0.252663
3)	-0.700919
4)	-0.97174
5)	0.448836
6)	-0.278298
7)	0.224403
8)	-0.022187
9)	-0.74395
10)	-0.164037
11)	-0.23838
12)	-0.739128
13)	-0.883236
14)	0.940306
15)	0.939879

Individual: 42:
0)	0.600146
1)	-0.565722
2)	0.110813
3)	-0.327677
4)	-0.169042
5)	0.976928
6)	-0.78045
7)	0.812494
8)	-0.0162664
9)	0.880734
10)	-0.824885
11)	-0.317423
12)	-0.0517289
13)	0.907346
14)	0.401288
15)	0.887326

Individual: 43:
0)	-0.717582
1)	-0.733329
2)	0.616443
3)	-0.774773
4)	0.728263
5)	-0.680166
6)	-0.0232246
7)	0.510483
8)	0.997009
9)	-0.527268
10)	0.64452
11)	-0.883602
12)	-0.613025
13)	-0.426252
14)	0.844966
15)	0.0556352

Individual: 44:
0)	0.795343
1)	0.127842
2)	0.474166
3)	0.406537
4)	0.686941
5)	-0.360271
6)	0.319926
7)	-0.0993988
8)	0.583056
9)	0.398236
10)	-0.0416578
11)	-0.517624
12)	-0.368206
13)	0.0143132
14)	0.389019
15)	-0.345927

Individual: 45:
0)	0.82342
1)	-0.973571
2)	0.470687
3)	-0.58153
4)	-0.587878
5)	-0.116428
6)	-0.779656
7)	-0.368267
8)	0.108127
9)	-0.379315
10)	-0.961791
11)	-0.421369
12)	0.600696
13)	-0.462569
14)	-0.0791955
15)	0.583361

Individual: 46:
0)	-0.0229194
1)	0.193701
2)	-0.275369
3)	-0.532456
4)	-0.402631
5)	-0.96643
6)	0.543809
7)	-0.331034
8)	0.989319
9)	0.951659
10)	0.262612
11)	0.832331
12)	0.325053
13)	-0.888363
14)	-0.652944
15)	0.685659

Individual: 47:
0)	0.0426344
1)	0.333476
2)	-0.0631428
3)	0.014008
4)	-0.825739
5)	0.357219
6)	-0.699393
7)	0.54387
8)	0.944456
9)	-0.700064
10)	0.717032
11)	0.549364
12)	-0.800653
13)	0.615772
14)	-0.155797
15)	-0.00564592

Individual: 48:
0)	0.23191
1)	-0.127537
2)	-0.359905
3)	0.0220038
4)	-0.437117
5)	0.656972
6)	-0.104404
7)	0.604358
8)	0.242164
9)	-0.0776696
10)	0.443892
11)	-0.835505
12)	0.231605
13)	0.0885952
14)	0.108005
15)	-0.015595

Individual: 49:
0)	-0.567309
1)	0.209815
2)	0.449202
3)	-0.790399
4)	-0.0786462
5)	-0.479476
6)	0.378155
7)	-0.73516
8)	-0.0481887
9)	-0.326884
10)	0.692923
11)	-0.508225
12)	-0.707205
13)	0.979125
14)	0.603931
15)	0.82226

Individual: 50:
0)	0.458663
1)	0.967467
2)	-0.689138
3)	-0.701163
4)	-0.603626
5)	0.570849
6)	0.692251
7)	0.256081
8)	0.19364
9)	0.254189
10)	0.170629
11)	-0.0263375
12)	-0.632435
13)	-0.603381
14)	-0.183203
15)	0.615467

Individual: 51:
0)	0.298929
1)	-0.760125
2)	0.754143
3)	-0.734489
4)	-0.627369
5)	0.715873
6)	0.926206
7)	0.875301
8)	0.388531
9)	-0.534776
10)	-0.709342
11)	-0.0681478
12)	0.803522
13)	-0.639576
14)	0.501205
15)	0.663198

Individual: 52:
0)	0.368755
1)	0.844356
2)	-0.860286
3)	0.589587
4)	-0.27665
5)	-0.601245
6)	-0.436995
7)	-0.764092
8)	-0.491745
9)	0.453597
10)	0.42375
11)	0.816828
12)	-0.438337
13)	0.0500198
14)	-0.0690023
15)	0.706046

Individual: 53:
0)	0.758904
1)	-0.429304
2)	0.910825
3)	0.504563
4)	-0.940184
5)	-0.152074
6)	-0.269753
7)	-0.481857
8)	0.325419
9)	0.964049
10)	0.147557
11)	-0.542039
12)	-0.533738
13)	-0.944945
14)	0.149754
15)	0.175939

Individual: 54:
0)	0.486129
1)	0.43144
2)	0.842158
3)	-0.751823
4)	0.981811
5)	0.326823
6)	-0.550096
7)	-0.781732
8)	-0.336833
9)	0.589282
10)	-0.503281
11)	-0.686392
12)	0.454939
13)	-0.374615
14)	0.220557
15)	-0.553758

Individual: 55:
0)	-0.257179
1)	0.91174
2)	0.29075
3)	-0.688101
4)	0.327189
5)	-0.615955
6)	-0.111423
7)	0.399213
8)	0.645741
9)	0.0195013
10)	0.213172
11)	-0.27897
12)	0.828486
13)	-0.0790124
14)	0.475936
15)	-0.918332

Individual: 56:
0)	0.147252
1)	0.219337
2)	-0.554247
3)	0.691214
4)	-0.577807
5)	-0.896542
6)	-0.392682
7)	0.940001
8)	0.947874
9)	0.292703
10)	0.995605
11)	-0.853755
12)	-0.499069
13)	0.262001
14)	0.768059
15)	-0.911557

Individual: 57:
0)	0.993408
1)	0.534898
2)	-0.421857
3)	0.13535
4)	0.3314
5)	0.354106
6)	0.811823
7)	-0.213721
8)	-0.954772
9)	0.0442824
10)	-0.25016
11)	0.43437
12)	0.249916
13)	0.378643
14)	0.718558
15)	0.164098

Individual: 58:
0)	-0.499008
1)	0.261391
2)	-0.708975
3)	0.397626
4)	-0.892453
5)	0.0398877
6)	-0.39787
7)	0.200232
8)	0.464339
9)	0.757622
10)	-0.16129
11)	0.0592975
12)	-0.0340892
13)	0.661367
14)	-0.0315256
15)	0.94763

Individual: 59:
0)	-0.934324
1)	-0.725333
2)	0.769524
3)	-0.514939
4)	0.0417798
5)	0.3502
6)	0.22306
7)	-0.989868
8)	0.0323191
9)	0.0134587
10)	0.332194
11)	-0.626148
12)	0.903012
13)	-0.589221
14)	0.428694
15)	-0.730644

Individual: 60:
0)	-0.491195
1)	0.173193
2)	0.0307321
3)	-0.0910978
4)	-0.086642
5)	0.00943022
6)	-0.68627
7)	-0.139073
8)	0.127232
9)	0.740471
10)	0.257118
11)	-0.140172
12)	0.928404
13)	0.0877407
14)	0.529405
15)	-0.598865

Individual: 61:
0)	-0.672536
1)	-0.471908
2)	-0.826106
3)	-0.0660726
4)	0.240028
5)	-0.472823
6)	0.157933
7)	0.46379
8)	0.927793
9)	0.464644
10)	0.847468
11)	0.377911
12)	-0.227393
13)	0.563036
14)	-0.52971
15)	-0.693838

Individual: 62:
0)	-0.0553301
1)	-0.866939
2)	0.630299
3)	0.829157
4)	-0.472396
5)	0.448225
6)	0.934019
7)	-0.153661
8)	0.663564
9)	0.559984
10)	-0.205847
11)	0.417585
12)	-0.720573
13)	0.367779
14)	-0.529221
15)	-0.110935

Individual: 63:
0)	-0.0410474
1)	-0.745415
2)	-0.587024
3)	0.117161
4)	-0.479598
5)	0.602405
6)	0.964721
7)	-0.39732
8)	-0.135166
9)	-0.50206
10)	-0.504685
11)	-0.652638
12)	-0.343913
13)	-0.056856
14)	0.0196234
15)	0.245766

Individual: 64:
0)	-0.605152
1)	-0.118259
2)	-0.632618
3)	0.824763
4)	-0.549242
5)	-0.645192
6)	0.967345
7)	-0.856685
8)	-0.387188
9)	0.0976287
10)	-0.694082
11)	-0.335368
12)	-0.2772
13)	-0.10947
14)	0.125156
15)	0.913755

Individual: 65:
0)	-0.0472732
1)	-0.023835
2)	-0.579211
3)	0.732475
4)	0.28959
5)	0.855647
6)	-0.696158
7)	0.945067
8)	-0.210608
9)	0.775933
10)	-0.211951
11)	0.245643
12)	-0.836726
13)	0.221534
14)	0.565355
15)	-0.878292

Individual: 66:
0)	-0.741508
1)	0.722404
2)	-0.167516
3)	-0.375225
4)	0.995911
5)	-0.70983
6)	0.230628
7)	-0.198828
8)	-0.672842
9)	0.797235
10)	0.960814
11)	-0.404401
12)	0.774529
13)	-0.392193
14)	0.137547
15)	0.0400708

Individual: 67:
0)	-0.886044
1)	0.777337
2)	0.443892
3)	0.540147
4)	0.7669
5)	0.129063
6)	0.148656
7)	0.0713828
8)	0.459639
9)	-0.476363
10)	0.550279
11)	-0.901425
12)	0.716605
13)	0.631214
14)	-0.0912198
15)	0.0303659

Individual: 68:
0)	-0.253151
1)	-0.479354
2)	0.928404
3)	-0.979247
4)	-0.711722
5)	-0.622059
6)	-0.146702
7)	0.931761
8)	0.971129
9)	-0.334941
10)	0.239723
11)	0.267678
12)	0.763176
13)	-0.966308
14)	-0.534471
15)	-0.104343

Individual: 69:
0)	0.0604572
1)	0.30491
2)	-0.958617
3)	0.362957
4)	0.984069
5)	0.827631
6)	0.784722
7)	-0.375286
8)	0.446455
9)	0.528855
10)	-0.0807825
11)	-0.00534074
12)	0.55089
13)	0.967528
14)	-0.836299
15)	0.130345

Individual: 70:
0)	-0.116062
1)	-0.295083
2)	0.870418
3)	0.866695
4)	-0.733879
5)	-0.695975
6)	-0.72277
7)	0.709281
8)	0.521653
9)	-0.729972
10)	-0.0638752
11)	-0.199622
12)	-0.170141
13)	0.244911
14)	0.379009
15)	0.170324

Individual: 71:
0)	0.222266
1)	0.768487
2)	-0.915159
3)	-0.913938
4)	0.785211
5)	-0.0815149
6)	0.810114
7)	-0.689322
8)	-0.866878
9)	0.141453
10)	-0.655324
11)	-0.915403
12)	0.713492
13)	-0.411664
14)	-0.243568
15)	-0.357219

Individual: 72:
0)	-0.493881
1)	0.265847
2)	-0.813654
3)	-0.921018
4)	-0.32017
5)	-0.682913
6)	0.256813
7)	0.370647
8)	0.768365
9)	-0.256508
10)	0.156102
11)	0.375958
12)	-0.071688
13)	-0.11948
14)	-0.539415
15)	-0.383526

Individual: 73:
0)	-0.157872
1)	-0.0599689
2)	-0.241615
3)	-0.342692
4)	-0.172826
5)	0.931455
6)	0.135594
7)	-0.102695
8)	0.715445
9)	0.274209
10)	-0.411237
11)	0.581896
12)	-0.935728
13)	-0.585864
14)	-0.574328
15)	-0.148534

Individual: 74:
0)	-0.737602
1)	-0.243385
2)	0.716605
3)	-0.363262
4)	-0.90759
5)	0.228126
6)	0.859004
7)	0.215186
8)	-0.686697
9)	0.77929
10)	0.317972
11)	0.238929
12)	0.82458
13)	-0.857784
14)	-0.394696
15)	0.0491653

Individual: 75:
0)	-0.0248726
1)	-0.846004
2)	-0.44145
3)	-0.913083
4)	-0.42082
5)	-0.0411695
6)	0.984252
7)	-0.784845
8)	0.201697
9)	0.402081
10)	0.726188
11)	0.762444
12)	-0.724357
13)	-0.0721763
14)	0.222694
15)	-0.897519

Individual: 76:
0)	0.614185
1)	0.293008
2)	-0.38609
3)	0.581469
4)	-0.12064
5)	-0.589404
6)	-0.536973
7)	-0.395367
8)	0.571093
9)	-0.366314
10)	-0.847285
11)	-0.303507
12)	0.0972625
13)	-0.205786
14)	0.0206
15)	0.345744

Individual: 77:
0)	0.489059
1)	-0.692679
2)	0.294412
3)	0.447737
4)	-0.676992
5)	-0.344584
6)	-0.10831
7)	0.157323
8)	-0.587268
9)	-0.437239
10)	0.1442
11)	-0.0355541
12)	0.832453
13)	-0.825251
14)	0.511277
15)	0.804682

Individual: 78:
0)	-0.164708
1)	-0.44676
2)	-0.656301
3)	0.0171209
4)	0.228614
5)	0.800592
6)	0.760979
7)	0.963439
8)	-0.2313
9)	-0.874386
10)	0.703909
11)	-0.88171
12)	-0.862545
13)	0.163121
14)	0.226539
15)	0.446211

Individual: 79:
0)	0.0639973
1)	0.859615
2)	-0.912412
3)	0.874874
4)	0.152867
5)	-0.761528
6)	-0.293863
7)	0.679373
8)	0.981811
9)	0.356365
10)	0.542467
11)	0.589038
12)	-0.968078
13)	-0.237098
14)	0.967711
15)	-0.570971

Individual: 80:
0)	0.0122379
1)	0.778008
2)	0.683828
3)	0.110202
4)	0.140721
5)	0.896664
6)	-0.242958
7)	-0.221778
8)	0.945677
9)	-0.363567
10)	0.327372
11)	0.93646
12)	-0.851192
13)	-0.861934
14)	0.0556352
15)	-0.647023

Individual: 81:
0)	0.192724
1)	-0.167333
2)	0.372173
3)	-0.433882
4)	0.975463
5)	0.487838
6)	-0.411847
7)	-0.200659
8)	0.354717
9)	0.945372
10)	-0.066805
11)	-0.900632
12)	0.984191
13)	0.862667
14)	0.580737
15)	0.509445

Individual: 82:
0)	-0.956053
1)	0.770501
2)	-0.275491
3)	-0.910337
4)	-0.571398
5)	0.759819
6)	-0.231666
7)	0.598498
8)	0.9541
9)	-0.890011
10)	0.691641
11)	-0.354472
12)	-0.852596
13)	0.170812
14)	-0.347087
15)	-0.869015

Individual: 83:
0)	-0.819697
1)	-0.189001
2)	-0.105319
3)	-0.218238
4)	0.509995
5)	-0.254311
6)	-0.989013
7)	-0.402203
8)	-0.210242
9)	-0.945067
10)	-0.358867
11)	0.0214545
12)	-0.388653
13)	0.206946
14)	0.651662
15)	0.641957

Individual: 84:
0)	-0.358135
1)	-0.103549
2)	-0.131382
3)	-0.752861
4)	-0.282205
5)	0.0135807
6)	0.424116
7)	-0.96411
8)	-0.54149
9)	-0.947447
10)	-0.222449
11)	-0.197302
12)	-0.0380566
13)	-0.72454
14)	-0.524155
15)	0.907773

Individual: 85:
0)	0.144505
1)	-0.0583209
2)	0.714286
3)	0.8446
4)	-0.711722
5)	-0.0831019
6)	-0.239784
7)	-0.78222
8)	0.35783
9)	-0.027253
10)	0.303507
11)	-0.0563677
12)	-0.351543
13)	0.0910978
14)	0.794183
15)	-0.514695

Individual: 86:
0)	-0.670156
1)	0.0842006
2)	-0.168493
3)	0.936644
4)	0.446272
5)	0.84405
6)	-0.333659
7)	-0.235084
8)	0.935972
9)	0.533067
10)	0.878719
11)	0.0276193
12)	0.233436
13)	-0.971374
14)	0.294595
15)	0.873104

Individual: 87:
0)	-0.984558
1)	0.934141
2)	-0.79754
3)	0.139805
4)	-0.345439
5)	0.468734
6)	-0.0660115
7)	0.865047
8)	-0.0578936
9)	0.548814
10)	-0.130039
11)	-0.4832
12)	-0.35728
13)	-0.626942
14)	0.93469
15)	-0.239235

Individual: 88:
0)	0.444441
1)	0.824335
2)	-0.358928
3)	0.574511
4)	0.864559
5)	-0.000274667
6)	-0.250649
7)	0.522263
8)	0.676016
9)	0.182836
10)	0.601062
11)	-0.997681
12)	0.41551
13)	0.569567
14)	-0.808527
15)	0.279519

Individual: 89:
0)	0.535813
1)	-0.939756
2)	-0.956664
3)	-0.884884
4)	-0.234413
5)	-0.569079
6)	-0.0570391
7)	-0.192663
8)	-0.761589
9)	-0.804315
10)	-0.39732
11)	-0.545701
12)	-0.0458693
13)	-0.526658
14)	-0.688223
15)	-0.7481

Individual: 90:
0)	0.134434
1)	-0.82989
2)	0.637501
3)	0.639882
4)	0.0355541
5)	0.79162
6)	-0.760002
7)	0.107273
8)	0.780755
9)	0.195654
10)	0.862911
11)	-0.528428
12)	0.774346
13)	-0.400128
14)	-0.438337
15)	-0.558031

Individual: 91:
0)	0.260842
1)	0.154637
2)	-0.766472
3)	-0.719169
4)	-0.409467
5)	-0.604175
6)	0.5103
7)	0.37553
8)	-0.244911
9)	-0.111423
10)	0.0765099
11)	0.53209
12)	0.755058
13)	0.374737
14)	0.476913
15)	0.805048

Individual: 92:
0)	0.361309
1)	-0.262734
2)	-0.526292
3)	-0.325846
4)	0.834834
5)	-0.906796
6)	-0.982177
7)	0.381817
8)	0.164586
9)	0.327982
10)	0.895383
11)	0.24247
12)	-0.61156
13)	0.383709
14)	-0.887387
15)	-0.262123

Individual: 93:
0)	0.558092
1)	-0.385846
2)	0.0821863
3)	0.209754
4)	0.911191
5)	-0.481735
6)	0.67156
7)	-0.0375072
8)	-0.187048
9)	0.165014
10)	-0.821528
11)	-0.411603
12)	0.0301828
13)	0.62273
14)	-0.706351
15)	0.328715

Individual: 94:
0)	-0.100986
1)	0.704093
2)	0.115085
3)	0.281472
4)	-0.0496536
5)	-0.659352
6)	0.274636
7)	0.270119
8)	0.554735
9)	-0.101413
10)	-0.758171
11)	0.184545
12)	0.149022
13)	-0.252235
14)	-0.135594
15)	-0.392865

Individual: 95:
0)	0.607837
1)	0.398419
2)	-0.789361
3)	-0.462935
4)	-0.678335
5)	-0.484603
6)	-0.225013
7)	-0.976196
8)	0.545274
9)	-0.874935
10)	0.108432
11)	-0.475753
12)	-0.422956
13)	-0.674856
14)	0.938536
15)	0.794244

Individual: 96:
0)	0.333964
1)	-0.188818
2)	-0.16068
3)	-0.871761
4)	-0.117405
5)	0.532517
6)	0.514878
7)	-0.240944
8)	0.490707
9)	-0.211219
10)	-0.241737
11)	0.229957
12)	0.759697
13)	-0.918821
14)	0.149449
15)	0.552293

Individual: 97:
0)	0.402692
1)	-0.970824
2)	-0.44676
3)	0.96057
4)	0.228919
5)	-0.332865
6)	-0.518845
7)	-0.922361
8)	-0.102145
9)	-0.568529
10)	-0.62157
11)	-0.697073
12)	-0.994568
13)	0.15244
14)	0.900082
15)	0.235206

Individual: 98:
0)	0.0650349
1)	0.361858
2)	-0.763176
3)	0.943541
4)	0.944578
5)	0.229652
6)	-0.444685
7)	-0.102084
8)	-0.675588
9)	0.442549
10)	-0.386883
11)	-0.626576
12)	0.736503
13)	0.335612
14)	0.612842
15)	-0.861812

Individual: 99:
0)	0.747856
1)	-0.408918
2)	-0.643544
3)	0.240455
4)	0.852046
5)	0.815668
6)	-0.236732
7)	0.704581
8)	0.628956
9)	-0.690847
10)	0.81341
11)	-0.0495926
12)	-0.262185
13)	-0.662465
14)	0.979736
15)	-0.252113

Individual: 100:
0)	0.303751
1)	-0.778314
2)	0.210486
3)	0.518723
4)	-0.738273
5)	0.555773
6)	-0.474532
7)	0.798578
8)	-0.779412
9)	-0.133885
10)	-0.712638
11)	0.671987
12)	-0.591968
13)	0.0252388
14)	0.212073
15)	0.99237

Individual: 101:
0)	-0.739006
1)	-0.268899
2)	0.179357
3)	-0.80047
4)	0.222755
5)	0.365825
6)	0.90698
7)	-0.452498
8)	0.309427
9)	0.545824
10)	-0.44969
11)	0.55504
12)	-0.991089
13)	-0.324137
14)	-0.708914
15)	-0.509018

Individual: 102:
0)	-0.926145
1)	0.819147
2)	-0.0244453
3)	0.707999
4)	0.772149
5)	0.196753
6)	0.867183
7)	-0.364727
8)	-0.843806
9)	-0.371624
10)	0.574511
11)	-0.754692
12)	-0.0844447
13)	-0.773309
14)	0.2172
15)	0.804682

Individual: 103:
0)	0.372356
1)	0.65862
2)	0.893551
3)	-0.277017
4)	-0.814631
5)	0.284829
6)	-0.489731
7)	0.312174
8)	-0.677419
9)	0.491562
10)	0.0390332
11)	0.267617
12)	-0.133824
13)	0.525315
14)	0.260537
15)	0.685659

Individual: 104:
0)	-0.787957
1)	-0.855281
2)	-0.940184
3)	0.427656
4)	-0.773858
5)	0.401288
6)	0.33488
7)	0.644887
8)	0.920896
9)	0.860714
10)	0.58037
11)	0.275491
12)	-0.78753
13)	-0.42082
14)	0.21073
15)	0.327616

Individual: 105:
0)	-0.675527
1)	-0.854427
2)	-0.316935
3)	-0.24131
4)	0.396649
5)	-0.897458
6)	0.484054
7)	0.766533
8)	0.864193
9)	0.0588702
10)	0.0417188
11)	0.301614
12)	-0.830561
13)	-0.193762
14)	0.626881
15)	-0.384442

Individual: 106:
0)	0.367046
1)	-0.248207
2)	-0.696219
3)	0.656911
4)	0.186926
5)	0.980346
6)	0.995422
7)	-0.873409
8)	-0.88348
9)	0.256874
10)	-0.276528
11)	-0.992798
12)	0.065157
13)	-0.71569
14)	0.0876186
15)	0.37608

Individual: 107:
0)	0.172704
1)	-0.473373
2)	0.0445875
3)	-0.683218
4)	0.325724
5)	-0.0887173
6)	-0.94879
7)	-0.258827
8)	0.942564
9)	-0.277017
10)	0.633106
11)	-0.0671712
12)	-0.408979
13)	0.00161748
14)	-0.558763
15)	-0.373089

Individual: 108:
0)	-0.999695
1)	-0.243995
2)	-0.139866
3)	0.437056
4)	-0.970214
5)	0.307413
6)	0.228187
7)	-0.557604
8)	-0.842219
9)	0.0732749
10)	-0.265114
11)	0.747612
12)	-0.948057
13)	-0.893735
14)	0.0555132
15)	0.827509

Individual: 109:
0)	-0.21543
1)	-0.30137
2)	0.787164
3)	0.470138
4)	-0.745659
5)	0.365764
6)	0.747612
7)	-0.870846
8)	0.378521
9)	-0.478561
10)	0.200293
11)	0.499741
12)	-0.384075
13)	0.156835
14)	0.0675985
15)	-0.871578

Individual: 110:
0)	0.385846
1)	-0.164342
2)	-0.80578
3)	0.872311
4)	0.942869
5)	-0.681448
6)	-0.27488
7)	-0.983459
8)	-0.728324
9)	0.128758
10)	-0.342082
11)	0.866268
12)	0.564196
13)	0.371746
14)	0.634327
15)	0.621876

Individual: 111:
0)	-0.159703
1)	-0.879025
2)	0.0322581
3)	-0.646168
4)	-0.723136
5)	0.683218
6)	-0.578784
7)	-0.113865
8)	0.805292
9)	-0.945738
10)	0.443159
11)	-0.596912
12)	-0.458663
13)	-0.120212
14)	0.182043
15)	-0.408734

Individual: 112:
0)	0.609973
1)	0.231361
2)	-0.916074
3)	-0.871029
4)	0.926572
5)	-0.487716
6)	-0.509384
7)	0.335856
8)	0.497848
9)	-0.195288
10)	-0.151463
11)	0.795282
12)	0.805353
13)	0.969848
14)	0.656606
15)	-0.23838

Individual: 113:
0)	0.832636
1)	0.815851
2)	-0.785943
3)	0.165807
4)	0.299966
5)	-0.356487
6)	-0.767266
7)	0.0301218
8)	0.668752
9)	-0.515793
10)	0.37376
11)	0.106418
12)	-0.522752
13)	-0.659108
14)	-0.226661
15)	-0.45085

Individual: 114:
0)	0.571703
1)	0.746391
2)	0.619617
3)	0.436201
4)	-0.206214
5)	0.949767
6)	-0.158422
7)	0.949644
8)	0.688223
9)	0.0448927
10)	-0.0246895
11)	0.0292673
12)	-0.208472
13)	-0.647755
14)	-0.732658
15)	-0.688345

Individual: 115:
0)	0.0666219
1)	-0.632496
2)	-0.920835
3)	-0.833857
4)	0.0428785
5)	0.588977
6)	0.655446
7)	0.641652
8)	-0.772881
9)	-0.463729
10)	0.316874
11)	0.135472
12)	-0.654042
13)	-0.726859
14)	-0.857112
15)	0.598315

Individual: 116:
0)	-0.0176092
1)	0.746513
2)	0.203955
3)	0.0854823
4)	0.170263
5)	0.254372
6)	-0.5927
7)	-0.530381
8)	0.50737
9)	-0.644337
10)	-0.980956
11)	0.125523
12)	-0.648549
13)	0.533128
14)	-0.0758995
15)	-0.600513

Individual: 117:
0)	-0.340007
1)	0.923093
2)	-0.313334
3)	0.677786
4)	0.0373241
5)	-0.575671
6)	0.474776
7)	-0.136265
8)	0.551378
9)	-0.501938
10)	-0.0903043
11)	-0.921323
12)	0.882382
13)	0.971862
14)	0.904477
15)	-0.60271

Individual: 118:
0)	-0.633961
1)	-0.840205
2)	-0.447615
3)	-0.569323
4)	0.493759
5)	0.612293
6)	-0.870235
7)	-0.429731
8)	-0.567614
9)	-0.194006
10)	-0.726615
11)	0.703482
12)	-0.873836
13)	0.0890835
14)	0.396954
15)	-0.785028

Individual: 119:
0)	0.542955
1)	-0.8081
2)	0.408124
3)	-0.914243
4)	-0.372478
5)	0.616871
6)	-0.211035
7)	0.902158
8)	-0.475387
9)	-0.780328
10)	0.101962
11)	0.587024
12)	-0.366192
13)	0.2949
14)	-0.0158391
15)	-0.332621

Individual: 120:
0)	0.0589923
1)	0.477157
2)	-0.30723
3)	-0.111545
4)	-0.985168
5)	-0.228126
6)	0.263405
7)	-0.0116276
8)	-0.247169
9)	-0.972961
10)	0.344157
11)	-0.554613
12)	0.569384
13)	0.159398
14)	0.768303
15)	-0.98938

Individual: 121:
0)	0.458174
1)	-0.553941
2)	-0.0724815
3)	0.838069
4)	-0.0297555
5)	-0.803705
6)	0.00869778
7)	0.0246895
8)	-0.157262
9)	0.113742
10)	-0.844234
11)	0.373699
12)	0.960204
13)	-0.337199
14)	-0.379131
15)	0.192297

Individual: 122:
0)	0.210242
1)	0.751762
2)	0.965453
3)	0.937803
4)	-0.203467
5)	0.0442824
6)	0.375042
7)	0.523179
8)	0.570727
9)	0.212867
10)	-0.850215
11)	0.0958586
12)	0.94702
13)	-0.55443
14)	-0.56682
15)	0.101352

Individual: 123:
0)	-0.0392163
1)	0.520005
2)	0.241615
3)	0.444807
4)	0.0347606
5)	0.755058
6)	0.857112
7)	0.562181
8)	0.014008
9)	-0.844722
10)	0.645985
11)	0.214698
12)	0.033784
13)	0.0583819
14)	-0.634144
15)	0.818232

Individual: 124:
0)	0.781243
1)	-0.400739
2)	-0.976867
3)	0.120151
4)	0.714286
5)	0.303018
6)	-0.655934
7)	0.0365307
8)	-0.199377
9)	0.119602
10)	-0.0787072
11)	0.461959
12)	-0.662221
13)	-0.788079
14)	-0.900815
15)	0.86462

Individual: 125:
0)	0.418561
1)	0.810663
2)	0.659352
3)	0.478744
4)	0.602771
5)	-0.552232
6)	0.369732
7)	0.907529
8)	-0.640736
9)	0.882015
10)	-0.54033
11)	-0.0516678
12)	-0.160436
13)	-0.9729
14)	-0.917112
15)	0.45378

Individual: 126:
0)	-0.454268
1)	0.197913
2)	0.831355
3)	-0.960509
4)	-0.543931
5)	-0.0158391
6)	-0.637623
7)	0.452742
8)	0.169591
9)	-0.933775
10)	0.202185
11)	0.413373
12)	0.632923
13)	-0.715018
14)	0.786309
15)	0.740349

Individual: 127:
0)	0.0115665
1)	0.277505
2)	-0.197668
3)	-0.424848
4)	0.268471
5)	-0.00808741
6)	0.894894
7)	0.516282
8)	0.0118107
9)	-0.606128
10)	-0.203345
11)	-0.524461
12)	-0.82519
13)	0.67687
14)	0.948241
15)	-0.929807

Individual: 128:
0)	-0.909665
1)	-0.711539
2)	0.667714
3)	-0.637623
4)	-0.477584
5)	-0.913877
6)	0.934446
7)	0.758599
8)	-0.782891
9)	0.934141
10)	0.848323
11)	-0.117771
12)	-0.464217
13)	0.0540483
14)	-0.172948
15)	0.230934

Individual: 129:
0)	-0.267495
1)	0.442549
2)	-0.395306
3)	0.431806
4)	-0.561327
5)	-0.332926
6)	-0.90698
7)	-0.0934172
8)	0.917478
9)	0.353679
10)	-0.830927
11)	0.759697
12)	0.649464
13)	-0.32194
14)	-0.549364
15)	-0.298746

Individual: 130:
0)	0.813959
1)	-0.825861
2)	0.122654
3)	0.817866
4)	0.226295
5)	0.170141
6)	0.877071
7)	-0.996521
8)	-0.704642
9)	-0.833003
10)	0.0281686
11)	0.863155
12)	0.562731
13)	0.470687
14)	-0.13358
15)	0.901425

Individual: 131:
0)	-0.613453
1)	0.390301
2)	-0.687063
3)	-0.191076
4)	0.332621
5)	0.315714
6)	-0.0625324
7)	0.659047
8)	-0.165624
9)	0.986328
10)	0.401654
11)	-0.173376
12)	0.685842
13)	-0.736381
14)	-0.608631
15)	0.443037

Individual: 132:
0)	0.927976
1)	-0.279336
2)	0.0990326
3)	-0.802667
4)	0.693228
5)	0.359539
6)	0.319681
7)	0.299234
8)	-0.431196
9)	0.771294
10)	-0.777276
11)	-0.586779
12)	0.0422071
13)	0.0490432
14)	0.861995
15)	-0.620899

Individual: 133:
0)	-0.408551
1)	0.767632
2)	-0.513718
3)	0.529283
4)	0.981994
5)	0.342448
6)	0.713797
7)	-0.583422
8)	-0.666494
9)	0.0794397
10)	-0.368389
11)	0.764824
12)	-0.481246
13)	-0.77105
14)	-0.115757
15)	0.454207

Individual: 134:
0)	0.456282
1)	0.356182
2)	0.812189
3)	0.3549
4)	-0.13889
5)	-0.659536
6)	0.704215
7)	0.820063
8)	0.0144963
9)	0.315836
10)	-0.774529
11)	-0.34788
12)	0.115452
13)	0.865841
14)	-0.916318
15)	-0.645924

Individual: 135:
0)	-0.222694
1)	-0.215918
2)	-0.00381481
3)	-0.521897
4)	-0.768975
5)	0.714713
6)	-0.97998
7)	-0.115085
8)	0.798212
9)	-0.0167547
10)	0.308634
11)	-0.275002
12)	-0.804376
13)	-0.0680258
14)	0.35551
15)	-0.0439772

Individual: 136:
0)	-0.764702
1)	0.0715049
2)	-0.210181
3)	0.207007
4)	0.480514
5)	-0.6386
6)	-0.215064
7)	-0.19718
8)	-0.578051
9)	-0.0680258
10)	0.142308
11)	-0.238014
12)	0.736015
13)	-0.439924
14)	-0.885861
15)	-0.421308

Individual: 137:
0)	0.186804
1)	-0.788446
2)	0.0267647
3)	-0.396771
4)	0.736564
5)	0.962218
6)	0.767083
7)	0.832026
8)	0.424055
9)	0.610218
10)	-0.805109
11)	0.920713
12)	-0.423688
13)	0.293069
14)	0.54387
15)	0.232215

Individual: 138:
0)	-0.0859706
1)	-0.580187
2)	-0.127537
3)	0.732658
4)	-0.885617
5)	-0.766533
6)	-0.371075
7)	-0.453108
8)	-0.606677
9)	-0.686453
10)	-0.608264
11)	-0.0125431
12)	-0.330058
13)	-0.666372
14)	-0.151708
15)	-0.132054

Individual: 139:
0)	-0.124851
1)	0.384686
2)	0.0745567
3)	-0.0851772
4)	0.967711
5)	-0.822871
6)	0.177831
7)	0.0884732
8)	-0.780511
9)	-0.564501
10)	0.365215
11)	0.627674
12)	0.333232
13)	-0.204871
14)	0.500717
15)	-0.371136

Individual: 140:
0)	-0.0461135
1)	0.516953
2)	-0.787225
3)	-0.0266427
4)	0.138279
5)	0.33018
6)	0.615467
7)	-0.585986
8)	0.34312
9)	-0.283059
10)	-0.295328
11)	0.635609
12)	0.495956
13)	-0.0494095
14)	0.493759
15)	-0.900754

Individual: 141:
0)	0.710013
1)	0.200232
2)	-0.0512406
3)	-0.514328
4)	-0.793756
5)	0.0144963
6)	-0.211951
7)	0.547349
8)	-0.994629
9)	-0.503342
10)	-0.79339
11)	-0.815668
12)	0.95117
13)	0.483627
14)	0.589709
15)	-0.445235

Individual: 142:
0)	-0.371258
1)	-0.959105
2)	-0.723807
3)	0.0331126
4)	-0.259926
5)	0.587512
6)	-0.563585
7)	-0.171484
8)	-0.501633
9)	-0.0389721
10)	-0.875423
11)	0.0760216
12)	0.605152
13)	-0.262368
14)	0.570421
15)	-0.787469

Individual: 143:
0)	-0.628529
1)	-0.882199
2)	0.770928
3)	-0.548997
4)	0.546495
5)	0.691458
6)	0.445906
7)	0.16422
8)	0.414899
9)	-0.606128
10)	0.41905
11)	0.991638
12)	0.727531
13)	0.96643
14)	-0.512864
15)	0.481063

Individual: 144:
0)	0.0251167
1)	0.232582
2)	0.840571
3)	-0.921567
4)	-0.0796228
5)	0.504013
6)	-0.903745
7)	0.277322
8)	0.898618
9)	0.427046
10)	-0.992553
11)	0.740959
12)	-0.798944
13)	-0.416181
14)	-0.0891446
15)	-0.789727

Individual: 145:
0)	-0.647633
1)	-0.840632
2)	0.975036
3)	-0.991394
4)	-0.104953
5)	0.987793
6)	-0.688101
7)	-0.0428175
8)	0.893918
9)	-0.710318
10)	0.0144963
11)	0.512864
12)	0.772149
13)	0.413923
14)	0.18186
15)	-0.058565

Individual: 146:
0)	-0.95819
1)	0.895138
2)	-0.00393689
3)	-0.661611
4)	0.49205
5)	-0.85931
6)	0.911863
7)	-0.69042
8)	-0.604053
9)	-0.94116
10)	0.0216987
11)	-0.875057
12)	-0.700064
13)	0.940916
14)	0.660085
15)	-0.842647

Individual: 147:
0)	0.957823
1)	-0.0906705
2)	0.307718
3)	-0.581286
4)	-0.028779
5)	-0.754265
6)	-0.140599
7)	0.00674459
8)	0.700674
9)	0.909238
10)	-0.682241
11)	0.273904
12)	0.00735496
13)	0.559069
14)	-0.0249947
15)	0.532151

Individual: 148:
0)	-0.609668
1)	-0.605701
2)	0.145726
3)	-0.895627
4)	-0.919309
5)	0.121189
6)	0.512558
7)	0.537217
8)	0.654897
9)	-0.637074
10)	0.14835
11)	-0.21482
12)	-0.269753
13)	-0.177038
14)	-0.724357
15)	0.18131

Individual: 149:
0)	-0.694632
1)	0.514756
2)	-0.171911
3)	0.00412
4)	-0.693228
5)	0.37022
6)	-0.126133
7)	-0.544053
8)	0.906064
9)	-0.460005
10)	0.966124
11)	0.863216
12)	-0.831965
13)	-0.302713
14)	0.480514
15)	-0.088229

Individual: 150:
0)	0.594592
1)	-0.341716
2)	0.00473037
3)	0.730522
4)	-0.87579
5)	-0.368572
6)	-0.159642
7)	0.63451
8)	-0.84753
9)	0.408002
10)	0.680776
11)	-0.658742
12)	-0.866817
13)	0.806818
14)	0.527573
15)	0.471969

Individual: 151:
0)	0.325358
1)	-0.314982
2)	-0.0923185
3)	0.149998
4)	0.245949
5)	-0.171606
6)	-0.546495
7)	0.510544
8)	-0.606738
9)	0.032197
10)	0.909116
11)	0.931639
12)	0.801691
13)	0.686453
14)	-0.37553
15)	0.801569

Individual: 152:
0)	0.991028
1)	-0.822199
2)	-0.39903
3)	0.633168
4)	-0.126804
5)	0.420026
6)	-0.850459
7)	-0.661794
8)	0.17832
9)	0.825434
10)	0.224952
11)	0.475326
12)	-0.0375683
13)	-0.968627
14)	-0.501633
15)	-0.718192

Individual: 153:
0)	0.76043
1)	-0.30784
2)	0.230689
3)	-0.695853
4)	0.945494
5)	-0.349834
6)	-0.991028
7)	0.438337
8)	0.858211
9)	0.798395
10)	0.409101
11)	-0.80755
12)	-0.732047
13)	0.94702
14)	-0.354228
15)	0.98529

Individual: 154:
0)	-0.271523
1)	-0.993835
2)	0.274819
3)	-0.708609
4)	0.390545
5)	-0.202063
6)	-0.992981
7)	-0.552232
8)	-0.165624
9)	0.809137
10)	0.699393
11)	-0.0680258
12)	0.483932
13)	0.198584
14)	-0.416974
15)	0.92584

Individual: 155:
0)	0.165685
1)	0.370647
2)	-0.206458
3)	0.976928
4)	-0.625538
5)	0.427717
6)	-0.736564
7)	-0.429914
8)	0.809076
9)	-0.186377
10)	0.0406812
11)	0.421735
12)	0.739372
13)	0.461776
14)	-0.904355
15)	-0.691092

Individual: 156:
0)	0.768487
1)	-0.240944
2)	0.679067
3)	-0.753288
4)	-0.448286
5)	-0.361248
6)	0.292337
7)	0.825007
8)	-0.964721
9)	0.11539
10)	-0.66509
11)	0.518418
12)	0.776421
13)	0.572375
14)	0.489059
15)	0.781426

Individual: 157:
0)	0.908933
1)	-0.882565
2)	0.905454
3)	0.740898
4)	-0.685171
5)	-0.684194
6)	-0.747551
7)	-0.701224
8)	-0.433271
9)	0.615589
10)	-0.308878
11)	-0.542344
12)	-0.79931
13)	-0.223731
14)	0.837947
15)	-0.318583

Individual: 158:
0)	0.884945
1)	-0.385418
2)	0.778985
3)	-0.896847
4)	0.0448317
5)	0.378582
6)	0.197241
7)	0.394086
8)	-0.491928
9)	0.0630207
10)	0.675222
11)	-0.895871
12)	0.73101
13)	0.979553
14)	0.236549
15)	-0.711478

Individual: 159:
0)	0.170141
1)	0.892026
2)	-0.812128
3)	0.231422
4)	0.36082
5)	0.0318308
6)	0.32432
7)	0.079989
8)	0.264504
9)	0.3043
10)	0.560167
11)	-0.798761
12)	0.449385
13)	-0.00167852
14)	0.0487991
15)	-0.926206

Individual: 160:
0)	-0.335856
1)	0.313639
2)	-0.147496
3)	-0.472823
4)	0.370281
5)	-0.984252
6)	0.226112
7)	0.141942
8)	-0.207739
9)	-0.466536
10)	0.576037
11)	0.621448
12)	0.0511795
13)	0.809198
14)	-0.842097
15)	-0.0503861

Individual: 161:
0)	-0.0577715
1)	0.216285
2)	-0.42497
3)	-0.853816
4)	-0.0809656
5)	0.855586
6)	0.1395
7)	-0.568224
8)	0.848201
9)	-0.457625
10)	-0.840083
11)	0.615833
12)	0.0951872
13)	0.798456
14)	0.217017
15)	-0.480209

Individual: 162:
0)	-0.494736
1)	-0.840693
2)	0.489914
3)	-0.75219
4)	0.84106
5)	-0.888485
6)	0.195898
7)	-0.882199
8)	-0.760125
9)	0.97058
10)	0.205908
11)	0.0647908
12)	0.253212
13)	0.0129093
14)	-0.101657
15)	-0.6704

Individual: 163:
0)	-0.969848
1)	-0.825251
2)	0.313456
3)	-0.754448
4)	-0.791253
5)	0.6292
6)	0.671255
7)	-0.0652181
8)	0.0759606
9)	0.55504
10)	-0.684866
11)	0.727287
12)	-0.439497
13)	0.409467
14)	-0.856136
15)	0.115635

Individual: 164:
0)	-0.380474
1)	-0.982604
2)	0.594043
3)	-0.943419
4)	-0.417341
5)	0.7893
6)	0.236
7)	-0.566393
8)	0.015595
9)	0.380596
10)	0.0458083
11)	0.491379
12)	0.665639
13)	-0.895016
14)	-0.584826
15)	-0.94409

Individual: 165:
0)	-0.948241
1)	-0.585498
2)	0.962157
3)	0.352214
4)	-0.738273
5)	0.757622
6)	0.205176
7)	-0.768059
8)	-0.481185
9)	-0.870357
10)	0.16306
11)	0.624012
12)	0.0802942
13)	-0.373211
14)	0.943236
15)	-0.980102

Individual: 166:
0)	0.0309763
1)	0.31608
2)	-0.6198
3)	-0.192541
4)	0.533128
5)	0.73516
6)	0.788263
7)	0.263649
8)	-0.903684
9)	-0.667592
10)	-0.110813
11)	-0.979125
12)	0.429609
13)	-0.837947
14)	0.978576
15)	-0.181433

Individual: 167:
0)	0.437178
1)	0.144871
2)	0.392743
3)	0.351421
4)	0.922239
5)	-0.791986
6)	-0.660634
7)	0.0289621
8)	-0.440107
9)	0.616504
10)	0.153356
11)	-0.543199
12)	0.701895
13)	-0.191626
14)	0.0412305
15)	-0.546007

Individual: 168:
0)	-0.424055
1)	-0.953917
2)	-0.623768
3)	0.416974
4)	-0.557176
5)	0.197546
6)	0.607166
7)	-0.15537
8)	0.271767
9)	0.957457
10)	0.841975
11)	0.835444
12)	0.498703
13)	-0.176733
14)	0.170873
15)	-0.630116

Individual: 169:
0)	0.428999
1)	0.137913
2)	0.789361
3)	-0.809076
4)	0.84698
5)	0.510239
6)	0.98468
7)	0.0937834
8)	-0.604907
9)	-0.0718711
10)	-0.951781
11)	0.439192
12)	0.285012
13)	0.87463
14)	-0.823359
15)	-0.298624

Individual: 170:
0)	-0.09653
1)	0.760735
2)	0.42259
3)	-0.13596
4)	-0.125095
5)	0.987671
6)	0.759514
7)	-0.524094
8)	0.143834
9)	-0.0505692
10)	-0.677358
11)	-0.82049
12)	-0.361003
13)	-0.709769
14)	0.887326
15)	0.524949

Individual: 171:
0)	-0.917539
1)	-0.272011
2)	-0.351482
3)	0.881039
4)	-0.494797
5)	-0.243446
6)	0.363994
7)	0.257057
8)	-0.967345
9)	-0.460372
10)	-0.0775475
11)	0.846919
12)	-0.497848
13)	-0.691641
14)	-0.599109
15)	-0.891659

Individual: 172:
0)	-0.525132
1)	0.575671
2)	-0.328104
3)	-0.809748
4)	-0.795282
5)	-0.521104
6)	0.624744
7)	-0.480636
8)	0.12711
9)	0.564806
10)	-0.937864
11)	-0.639576
12)	0.429243
13)	0.327189
14)	-0.664785
15)	-0.838923

Individual: 173:
0)	-0.734733
1)	0.81225
2)	-0.220679
3)	-0.505661
4)	-0.821406
5)	0.601794
6)	-0.986938
7)	0.411786
8)	-0.706595
9)	-0.51146
10)	-0.836848
11)	0.0184027
12)	0.838191
13)	0.155126
14)	0.0776086
15)	0.0836512

Individual: 174:
0)	-0.435896
1)	-0.830988
2)	-0.410382
3)	-0.500351
4)	0.62035
5)	0.60741
6)	-0.105258
7)	-0.600696
8)	0.448653
9)	0.622364
10)	-0.896054
11)	0.747795
12)	-0.739677
13)	0.26072
14)	0.0347606
15)	0.218299

Individual: 175:
0)	0.657582
1)	0.849971
2)	-0.696585
3)	-0.833674
4)	-0.0384838
5)	-0.736869
6)	0.780145
7)	-0.486435
8)	-0.189367
9)	-0.624928
10)	0.470077
11)	-0.645497
12)	0.590381
13)	-0.977294
14)	0.883114
15)	0.0984222

Individual: 176:
0)	0.257607
1)	0.781671
2)	-0.0464187
3)	-0.0413526
4)	-0.877804
5)	-0.128391
6)	0.573962
7)	-0.397504
8)	0.148045
9)	-0.496567
10)	-0.195959
11)	0.773614
12)	0.3361
13)	0.980041
14)	-0.181616
15)	-0.301065

Individual: 177:
0)	-0.248024
1)	0.863277
2)	-0.345195
3)	0.0945769
4)	-0.239418
5)	0.520493
6)	-0.174352
7)	-0.419477
8)	-0.969848
9)	0.361797
10)	0.855403
11)	0.318705
12)	0.868709
13)	0.081637
14)	-0.193884
15)	-0.3137

Individual: 178:
0)	0.454329
1)	-0.783319
2)	-0.14597
3)	-0.203772
4)	-0.47673
5)	-0.667409
6)	0.979247
7)	-0.321696
8)	-0.922727
9)	0.151952
10)	0.830805
11)	0.932615
12)	-0.327433
13)	0.936766
14)	-0.168859
15)	0.668081

Individual: 179:
0)	-0.146214
1)	-0.563463
2)	-0.419904
3)	0.539476
4)	0.295145
5)	-0.283975
6)	0.622974
7)	-0.306864
8)	0.210364
9)	-0.826289
10)	0.643849
11)	0.43675
12)	-0.404584
13)	0.0647298
14)	-0.852046
15)	0.443525

Individual: 180:
0)	-0.134373
1)	-0.160009
2)	-0.30607
3)	0.303995
4)	0.449202
5)	-0.38609
6)	-0.260109
7)	0.238502
8)	-0.0989715
9)	-0.925779
10)	-0.834773
11)	0.781854
12)	-0.901669
13)	-0.854915
14)	-0.469466
15)	-0.746941

Individual: 181:
0)	-0.91937
1)	0.716849
2)	-0.861629
3)	0.823664
4)	-0.903195
5)	0.754631
6)	-0.0424512
7)	-0.00552385
8)	-0.578173
9)	0.0984832
10)	-0.52739
11)	-0.702872
12)	0.505539
13)	0.267495
14)	-0.477645
15)	-0.971252

Individual: 182:
0)	-0.984558
1)	-0.420392
2)	-0.811518
3)	0.835932
4)	0.337748
5)	-0.0984222
6)	-0.202063
7)	0.957457
8)	0.0961638
9)	0.339091
10)	-0.899228
11)	-0.0589923
12)	0.254555
13)	-0.818354
14)	0.686575
15)	0.643971

Individual: 183:
0)	0.362651
1)	0.413556
2)	-0.298746
3)	-0.667653
4)	-0.490097
5)	0.103488
6)	0.927671
7)	-0.309854
8)	-0.451949
9)	0.986267
10)	0.291482
11)	0.550645
12)	-0.853816
13)	0.547716
14)	-0.144383
15)	-0.836726

Individual: 184:
0)	-0.759697
1)	0.926389
2)	-0.634388
3)	0.808466
4)	-0.560472
5)	-0.0558794
6)	0.407758
7)	0.571947
8)	-0.0476394
9)	-0.422102
10)	0.243446
11)	0.0921964
12)	0.594775
13)	-0.814325
14)	-0.618274
15)	-0.907041

Individual: 185:
0)	-0.557482
1)	-0.201331
2)	-0.0472732
3)	0.513474
4)	0.691153
5)	0.792474
6)	0.943907
7)	-0.951781
8)	0.284768
9)	-0.750481
10)	-0.637501
11)	-0.0893277
12)	0.877499
13)	-0.674123
14)	-0.613453
15)	-0.369304

Individual: 186:
0)	0.689077
1)	-0.0664998
2)	0.565661
3)	-0.299356
4)	-0.18247
5)	0.0525834
6)	-0.863826
7)	0.881283
8)	0.571703
9)	-0.0155339
10)	-0.488388
11)	0.980102
12)	-0.614856
13)	-0.14127
14)	0.0111393
15)	-0.0846889

Individual: 187:
0)	0.875484
1)	-0.293313
2)	-0.110508
3)	0.877194
4)	-0.39024
5)	0.4138
6)	-0.270608
7)	-0.600696
8)	0.140294
9)	-0.136509
10)	0.260598
11)	-0.846858
12)	0.8717
13)	-0.415143
14)	-0.33372
15)	0.277261

Individual: 188:
0)	0.323099
1)	0.216712
2)	0.441389
3)	-0.946043
4)	-0.652821
5)	-0.899472
6)	-0.137303
7)	0.747246
8)	-0.131443
9)	0.315226
10)	-0.863765
11)	0.411725
12)	-0.295694
13)	0.465072
14)	-0.717765
15)	-0.511765

Individual: 189:
0)	0.0290841
1)	0.534593
2)	0.820551
3)	0.996216
4)	-0.952513
5)	-0.877682
6)	-0.680227
7)	-0.863643
8)	0.435347
9)	-0.634266
10)	-0.127232
11)	0.116428
12)	0.113559
13)	0.870174
14)	0.558763
15)	0.0115665

Individual: 190:
0)	-0.0835902
1)	0.954161
2)	-0.0419019
3)	0.472518
4)	-0.283425
5)	0.523972
6)	0.779107
7)	0.0942717
8)	0.570177
9)	0.888974
10)	0.660939
11)	0.256874
12)	0.443342
13)	0.831233
14)	0.215125
15)	-0.748222

Individual: 191:
0)	-0.916379
1)	0.241798
2)	-0.632557
3)	-0.494186
4)	-0.40141
5)	-0.364727
6)	0.0633259
7)	-0.285012
8)	-0.696707
9)	-0.143712
10)	0.398785
11)	0.701407
12)	-0.599414
13)	-0.710501
14)	0.24015
15)	0.804926

Individual: 192:
0)	0.0553911
1)	0.886654
2)	-0.60625
3)	-0.3773
4)	0.42613
5)	0.32139
6)	0.389813
7)	-0.0909757
8)	0.215979
9)	-0.413068
10)	0.941465
11)	0.447493
12)	0.305887
13)	-0.653554
14)	0.142186
15)	-0.291665

Individual: 193:
0)	-0.968261
1)	0.350322
2)	-0.535691
3)	-0.896237
4)	-0.33018
5)	-0.76751
6)	0.620533
7)	-0.346721
8)	-0.309977
9)	0.997803
10)	-0.649098
11)	0.871456
12)	-0.657338
13)	-0.486496
14)	-0.800836
15)	-0.309122

Individual: 194:
0)	0.138951
1)	0.317362
2)	0.338603
3)	0.233558
4)	0.788812
5)	-0.946104
6)	-0.488266
7)	0.241005
8)	-0.841914
9)	-0.146825
10)	0.146336
11)	0.978332
12)	-0.192053
13)	0.962462
14)	0.708548
15)	0.422834

Individual: 195:
0)	-0.321329
1)	-0.0553301
2)	0.35783
3)	0.550401
4)	-0.519639
5)	-0.243812
6)	-0.035432
7)	0.531846
8)	-0.64629
9)	0.0152898
10)	-0.44615
11)	0.652394
12)	0.362041
13)	0.775018
14)	0.23722
15)	0.765801

Individual: 196:
0)	0.378582
1)	-0.887997
2)	-0.304544
3)	0.09653
4)	-0.0698569
5)	-0.155004
6)	-0.7257
7)	0.20188
8)	0.561083
9)	0.69396
10)	-0.243446
11)	-0.0935392
12)	-0.721671
13)	-0.806818
14)	-0.128269
15)	0.0227973

Individual: 197:
0)	-0.358074
1)	-0.328288
2)	0.606922
3)	0.668325
4)	-0.938047
5)	-0.388775
6)	-0.618885
7)	0.993652
8)	0.86523
9)	-0.303507
10)	-0.855281
11)	0.132603
12)	0.693655
13)	0.869381
14)	0.468001
15)	-0.811762

Individual: 198:
0)	-0.201941
1)	0.698904
2)	-0.320292
3)	-0.934263
4)	0.788141
5)	0.380779
6)	-0.880612
7)	-0.0340281
8)	0.401898
9)	0.678091
10)	0.5656
11)	-0.648488
12)	0.858028
13)	0.115574
14)	-0.0983612
15)	0.198035

Individual: 199:
0)	0.351848
1)	-0.25895
2)	0.083224
3)	0.342875
4)	0.25895
5)	-0.235206
6)	0.468307
7)	0.744255
8)	-0.392254
9)	0.3914
10)	-0.426679
11)	-0.536973
12)	0.384808
13)	0.154515
14)	-0.682241
15)	-0.820551


// ----------------------------------------------------------- //

Generation number: 50

Individual: 0:
0)	0.377793
1)	-0.0191352
2)	0.0181925
3)	-0.065596
4)	-0.365344
5)	0.423862
6)	0.0706991
7)	0.355635
8)	-0.243291
9)	0.0283622
10)	0.183633
11)	0.401452
12)	0.391332
13)	0.203421
14)	0.0382273
15)	0.124601

Individual: 1:
0)	0.150451
1)	-0.00476245
2)	0.0164074
3)	-0.0694262
4)	-0.306102
5)	0.144106
6)	0.069677
7)	0.358128
8)	-0.247016
9)	0.00711346
10)	0.0317247
11)	0.228443
12)	0.52857
13)	0.255428
14)	0.0655974
15)	0.110904

Individual: 2:
0)	0.438939
1)	-0.146424
2)	0.0249595
3)	-0.0498796
4)	-0.464674
5)	-0.0549639
6)	0.0606973
7)	0.285931
8)	-0.336337
9)	-0.00390612
10)	0.335784
11)	0.164589
12)	0.696541
13)	0.332457
14)	0.0135485
15)	-0.22241

Individual: 3:
0)	0.337001
1)	-0.142808
2)	0.0243395
3)	-0.109864
4)	-0.360276
5)	0.0560538
6)	-0.123447
7)	0.463026
8)	-0.477853
9)	0.0431321
10)	0.370992
11)	0.182231
12)	0.61346
13)	0.386502
14)	0.00639008
15)	-0.276254

Individual: 4:
0)	0.398528
1)	0.272848
2)	-0.124119
3)	-0.182962
4)	0.00867692
5)	-0.0254521
6)	0.178146
7)	0.487366
8)	-0.231765
9)	-0.0507487
10)	0.313431
11)	0.160181
12)	0.469526
13)	0.425513
14)	0.00595632
15)	-0.291946

Individual: 5:
0)	0.397457
1)	0.179615
2)	-0.187162
3)	-0.0477119
4)	-0.297101
5)	-0.0134316
6)	0.153812
7)	0.53367
8)	-0.223112
9)	0.123047
10)	0.317288
11)	0.14829
12)	0.308979
13)	0.463448
14)	0.00426359
15)	-0.252017

Individual: 6:
0)	0.353544
1)	-0.0306714
2)	0.0177717
3)	-0.0972318
4)	-0.0470504
5)	0.211379
6)	0.0821081
7)	0.454924
8)	-0.158165
9)	0.0833726
10)	0.225651
11)	0.147718
12)	0.191619
13)	0.282992
14)	0.0491946
15)	-0.0944741

Individual: 7:
0)	0.351174
1)	-0.0618082
2)	0.0179991
3)	-0.0908717
4)	-0.31564
5)	0.282381
6)	0.0608462
7)	0.708882
8)	-0.0824966
9)	0.0839922
10)	0.0184515
11)	0.154737
12)	0.310858
13)	0.292017
14)	0.0401799
15)	-0.0981383

Individual: 8:
0)	0.471628
1)	-0.0396435
2)	0.0513567
3)	0.237278
4)	-0.307399
5)	0.137854
6)	0.178248
7)	0.565577
8)	-0.0803883
9)	0.0557225
10)	0.266327
11)	0.232602
12)	0.626056
13)	0.277159
14)	0.120805
15)	-0.0573075

Individual: 9:
0)	0.321812
1)	-0.0655748
2)	-0.199541
3)	-0.0235493
4)	-0.29757
5)	0.137829
6)	0.197415
7)	0.58703
8)	-0.0890607
9)	0.0365788
10)	0.274247
11)	0.236504
12)	0.453954
13)	0.400371
14)	-0.0290229
15)	-0.123704

Individual: 10:
0)	0.474447
1)	-0.240239
2)	0.0217901
3)	0.00572284
4)	-0.329896
5)	0.118005
6)	0.169025
7)	0.49488
8)	-0.210181
9)	0.118886
10)	0.375203
11)	0.3616
12)	0.420886
13)	0.512158
14)	-0.00688175
15)	0.442391

Individual: 11:
0)	0.476257
1)	-0.068124
2)	0.0213671
3)	-0.0620973
4)	-0.318205
5)	0.129793
6)	-0.0132554
7)	0.484531
8)	-0.0461088
9)	0.0569982
10)	0.322022
11)	0.368772
12)	0.564421
13)	0.504455
14)	-0.10409
15)	0.260708

Individual: 12:
0)	0.669231
1)	0.00180335
2)	0.0206101
3)	-0.00669937
4)	-0.436045
5)	0.14704
6)	0.00827911
7)	0.407797
8)	-0.318006
9)	0.3792
10)	0.235413
11)	0.0658184
12)	0.334424
13)	0.161366
14)	0.114018
15)	0.0505585

Individual: 13:
0)	0.388309
1)	0.00252645
2)	0.0214523
3)	0.017635
4)	-0.321058
5)	0.28724
6)	0.108337
7)	0.375024
8)	-0.306877
9)	0.270614
10)	0.0472909
11)	0.358435
12)	0.334631
13)	0.581742
14)	-0.182332
15)	0.0501415

Individual: 14:
0)	0.339275
1)	-0.0211675
2)	0.00857337
3)	-0.354296
4)	-0.4531
5)	0.0902537
6)	0.0963674
7)	0.455377
8)	-0.307109
9)	0.145712
10)	0.475925
11)	0.246995
12)	0.294839
13)	0.340035
14)	0.0641648
15)	-0.0347979

Individual: 15:
0)	0.344042
1)	-0.0174368
2)	0.256189
3)	-0.103622
4)	-0.482034
5)	0.095628
6)	0.274972
7)	0.60022
8)	-0.282083
9)	0.110274
10)	0.175709
11)	0.199567
12)	0.213691
13)	0.307646
14)	0.064161
15)	-0.0597041

Individual: 16:
0)	0.382081
1)	0.224851
2)	0.0324756
3)	-0.128409
4)	-0.452871
5)	0.104438
6)	0.108332
7)	0.627167
8)	-0.122016
9)	0.0540731
10)	0.362577
11)	0.0208226
12)	0.218902
13)	0.308152
14)	0.0647684
15)	-0.0284951

Individual: 17:
0)	0.25349
1)	0.0350418
2)	0.033894
3)	-0.116364
4)	-0.195296
5)	0.0943282
6)	0.177556
7)	0.532046
8)	-0.275753
9)	0.302472
10)	0.392563
11)	0.040683
12)	0.216546
13)	0.344643
14)	0.0596264
15)	0.031255

Individual: 18:
0)	0.372172
1)	0.0386365
2)	0.0657662
3)	0.0152729
4)	-0.17093
5)	0.0933087
6)	0.14616
7)	0.372732
8)	-0.239816
9)	-0.0706563
10)	0.611717
11)	0.00532782
12)	0.285113
13)	0.322136
14)	0.0770095
15)	0.188713

Individual: 19:
0)	0.368296
1)	0.00184639
2)	0.0978544
3)	-0.0523692
4)	-0.220044
5)	0.224375
6)	0.127757
7)	0.636599
8)	-0.24559
9)	0.086238
10)	0.357182
11)	-0.000236385
12)	0.210323
13)	0.328814
14)	0.316336
15)	0.0930181

Individual: 20:
0)	0.547849
1)	0.0331263
2)	0.0204222
3)	-0.166103
4)	-0.392097
5)	0.0473335
6)	0.109244
7)	0.367501
8)	-0.238989
9)	-0.0545769
10)	0.302422
11)	0.0814117
12)	0.273461
13)	0.382039
14)	0.0921339
15)	0.0616233

Individual: 21:
0)	0.541664
1)	0.0411192
2)	0.0204951
3)	-0.194005
4)	-0.38432
5)	0.0766606
6)	0.113587
7)	0.420529
8)	-0.254452
9)	-0.0412005
10)	0.2657
11)	0.170809
12)	0.27699
13)	0.399371
14)	0.0131984
15)	0.174898

Individual: 22:
0)	0.480134
1)	-0.156624
2)	0.00715179
3)	0.00183779
4)	-0.262207
5)	0.132633
6)	0.216184
7)	0.565627
8)	-0.187962
9)	0.357516
10)	0.248798
11)	0.0298814
12)	0.705752
13)	0.214527
14)	0.106106
15)	0.0392379

Individual: 23:
0)	0.505631
1)	0.258008
2)	0.0115538
3)	0.00111828
4)	-0.280442
5)	0.127176
6)	0.213832
7)	0.683349
8)	-0.198966
9)	0.148825
10)	0.260964
11)	0.0384606
12)	0.558357
13)	0.144774
14)	0.323961
15)	0.0594293

Individual: 24:
0)	0.525534
1)	0.151755
2)	0.0184255
3)	-0.0219377
4)	-0.112917
5)	-0.0128002
6)	-0.000197117
7)	0.54543
8)	-0.163947
9)	0.0111347
10)	0.354999
11)	0.22083
12)	0.264884
13)	0.396358
14)	0.0581858
15)	0.202311

Individual: 25:
0)	0.39459
1)	-0.0197336
2)	0.0182445
3)	-0.00632358
4)	-0.15442
5)	0.14949
6)	-0.0251898
7)	0.565495
8)	-0.0262272
9)	-0.0100316
10)	0.306951
11)	0.217061
12)	0.404801
13)	0.452446
14)	0.0957496
15)	0.157948

Individual: 26:
0)	0.389469
1)	-0.0449326
2)	0.0172043
3)	-0.09972
4)	-0.228547
5)	0.266658
6)	0.0665232
7)	0.509195
8)	-0.163302
9)	0.0843251
10)	0.312534
11)	0.0825973
12)	0.298897
13)	0.420233
14)	0.00873349
15)	-0.0131798

Individual: 27:
0)	0.380361
1)	-0.117105
2)	0.0187477
3)	-0.0894969
4)	-0.270462
5)	0.229765
6)	0.0739199
7)	0.482341
8)	-0.162763
9)	0.0848497
10)	0.358273
11)	0.0889229
12)	0.302522
13)	0.385869
14)	-0.0070817
15)	0.0333042

Individual: 28:
0)	0.345183
1)	-0.0238295
2)	-0.00584832
3)	-0.0677942
4)	-0.359163
5)	0.141305
6)	-0.151013
7)	0.38023
8)	-0.316817
9)	0.314318
10)	0.245918
11)	0.193494
12)	0.339054
13)	0.252227
14)	0.059072
15)	-0.0924556

Individual: 29:
0)	0.352205
1)	-0.00862911
2)	-0.00697476
3)	-0.0572504
4)	-0.374084
5)	0.0188534
6)	-0.151439
7)	0.501025
8)	-0.329878
9)	0.28002
10)	0.280069
11)	0.0775687
12)	0.321612
13)	0.255042
14)	0.0384342
15)	-0.0895819

Individual: 30:
0)	0.419424
1)	-0.0512577
2)	0.0176621
3)	-0.0209552
4)	-0.253768
5)	0.14023
6)	0.0375457
7)	0.643846
8)	-0.155342
9)	0.15671
10)	0.346233
11)	0.235243
12)	0.113946
13)	0.337068
14)	-0.0478135
15)	0.134348

Individual: 31:
0)	0.449343
1)	-0.0548943
2)	0.0178648
3)	0.0762557
4)	-0.609055
5)	0.163045
6)	0.0596852
7)	0.739624
8)	-0.13946
9)	0.209422
10)	0.291128
11)	0.26228
12)	0.279409
13)	0.445199
14)	-0.130601
15)	0.135317

Individual: 32:
0)	0.337779
1)	-0.0941646
2)	0.0183704
3)	-0.0637409
4)	-0.313043
5)	-0.0544897
6)	0.121557
7)	0.588561
8)	-0.384473
9)	0.0927557
10)	0.299962
11)	0.0557042
12)	0.329094
13)	0.456831
14)	-0.188675
15)	-0.0311678

Individual: 33:
0)	0.34229
1)	-0.0986519
2)	0.0191701
3)	-0.0274921
4)	-0.136341
5)	0.26854
6)	0.129152
7)	0.374961
8)	-0.274344
9)	0.0961779
10)	0.29327
11)	0.0952336
12)	0.351623
13)	0.228731
14)	0.0264809
15)	-0.0725487

Individual: 34:
0)	0.37857
1)	-0.112949
2)	0.0162372
3)	-0.219816
4)	-0.223716
5)	0.0714278
6)	0.086203
7)	0.412028
8)	-0.393646
9)	0.382851
10)	0.320717
11)	0.175402
12)	0.403134
13)	0.589096
14)	0.00501214
15)	0.290902

Individual: 35:
0)	0.687462
1)	-0.121627
2)	0.0152246
3)	-0.0341774
4)	-0.229289
5)	0.0805513
6)	0.0821432
7)	0.420313
8)	-0.237543
9)	0.0994596
10)	0.330924
11)	0.35429
12)	0.393996
13)	0.437002
14)	0.116912
15)	0.00392112

Individual: 36:
0)	0.375623
1)	-0.0490452
2)	0.0174232
3)	-0.0843799
4)	-0.158712
5)	0.0949426
6)	0.0708992
7)	0.746707
8)	-0.280405
9)	0.115926
10)	0.220445
11)	0.355179
12)	0.465216
13)	0.303621
14)	0.0834768
15)	0.0419585

Individual: 37:
0)	0.381524
1)	-0.038507
2)	0.0173429
3)	-0.0471026
4)	-0.2612
5)	0.0832037
6)	0.0594127
7)	0.485993
8)	-0.295862
9)	0.0232488
10)	0.206976
11)	0.147901
12)	0.369545
13)	0.331001
14)	0.087095
15)	0.0283707

Individual: 38:
0)	0.494919
1)	-0.100537
2)	-0.0521727
3)	-0.0678006
4)	-0.365863
5)	0.125793
6)	0.0295637
7)	0.357564
8)	-0.181535
9)	0.137221
10)	0.382522
11)	0.401701
12)	0.239285
13)	0.403811
14)	0.0638341
15)	0.0203518

Individual: 39:
0)	0.657336
1)	-0.118893
2)	0.0181614
3)	0.145848
4)	-0.290006
5)	0.12185
6)	0.0891559
7)	0.498797
8)	-0.179905
9)	0.0941463
10)	0.177623
11)	0.368763
12)	0.352142
13)	0.412142
14)	0.112949
15)	0.01382

Individual: 40:
0)	0.408663
1)	-0.0949507
2)	0.0180784
3)	-0.143209
4)	-0.355444
5)	0.438095
6)	-0.0552257
7)	0.474465
8)	-0.129615
9)	0.0777125
10)	0.295461
11)	0.223132
12)	0.446004
13)	0.356495
14)	-0.0142428
15)	-0.0220733

Individual: 41:
0)	0.399806
1)	-0.13902
2)	0.0230511
3)	-0.141695
4)	-0.312261
5)	0.276711
6)	0.0865671
7)	0.46472
8)	-0.354532
9)	0.124685
10)	0.367355
11)	0.23129
12)	0.367413
13)	0.297607
14)	0.0323397
15)	-0.0426463

Individual: 42:
0)	0.23123
1)	-0.0411427
2)	0.0144913
3)	-0.0229315
4)	-0.328503
5)	0.239475
6)	-0.186601
7)	0.45328
8)	-0.132973
9)	0.143899
10)	0.402962
11)	0.146681
12)	0.283928
13)	0.204007
14)	-0.075928
15)	-0.0651405

Individual: 43:
0)	0.237157
1)	-0.0310288
2)	0.0131542
3)	-0.0704425
4)	-0.580821
5)	0.103018
6)	-0.321229
7)	0.4677
8)	-0.145845
9)	0.16545
10)	0.177364
11)	0.146844
12)	0.712768
13)	0.257691
14)	-0.0742782
15)	-0.00793184

Individual: 44:
0)	0.185294
1)	-0.0730552
2)	0.0188175
3)	-0.0484523
4)	-0.32581
5)	0.155551
6)	0.114866
7)	0.490003
8)	-0.215435
9)	0.157826
10)	0.303218
11)	0.0459899
12)	0.5182
13)	0.319146
14)	-0.0272425
15)	0.0180635

Individual: 45:
0)	0.298251
1)	-0.170154
2)	0.0198132
3)	0.188798
4)	-0.332757
5)	0.127894
6)	0.0901987
7)	0.481951
8)	-0.181797
9)	-0.105273
10)	0.496569
11)	0.235657
12)	0.370163
13)	0.37286
14)	-0.0867531
15)	0.00953351

Individual: 46:
0)	0.39629
1)	-0.0691572
2)	-0.0131771
3)	-0.0431438
4)	-0.286234
5)	0.0333837
6)	0.127263
7)	0.239083
8)	-0.266998
9)	0.0608188
10)	0.259832
11)	0.158472
12)	0.196521
13)	0.187213
14)	-0.0255121
15)	-0.0339435

Individual: 47:
0)	0.285285
1)	-0.0602263
2)	0.00755741
3)	-0.0735257
4)	-0.372273
5)	0.0255062
6)	0.0850364
7)	0.520807
8)	-0.453487
9)	0.226541
10)	0.264877
11)	0.185794
12)	0.389407
13)	0.159519
14)	-0.0272913
15)	0.028992

Individual: 48:
0)	0.374491
1)	-0.203479
2)	0.019257
3)	-0.0567568
4)	-0.353758
5)	0.145204
6)	0.148442
7)	0.472235
8)	-0.235268
9)	0.0725237
10)	0.27208
11)	0.253553
12)	0.347908
13)	0.301238
14)	-0.203987
15)	-0.0160828

Individual: 49:
0)	0.416674
1)	-0.204446
2)	0.0208694
3)	-0.0485676
4)	-0.374443
5)	0.140817
6)	0.345478
7)	0.462953
8)	-0.293749
9)	0.109182
10)	0.263412
11)	0.234702
12)	0.326649
13)	0.326884
14)	-0.23617
15)	0.406128

Individual: 50:
0)	0.867272
1)	-0.000123741
2)	0.0201718
3)	-0.093988
4)	-0.376508
5)	-0.0851671
6)	0.355872
7)	0.360155
8)	-0.230414
9)	0.0715671
10)	0.212819
11)	0.240332
12)	0.271667
13)	0.579871
14)	0.0965411
15)	0.181573

Individual: 51:
0)	0.396061
1)	-0.0445737
2)	0.0191815
3)	-0.355906
4)	-0.246238
5)	0.296232
6)	0.132224
7)	0.684904
8)	-0.228605
9)	0.128607
10)	0.271857
11)	0.252382
12)	0.41613
13)	0.0603266
14)	0.0990444
15)	-0.321905

Individual: 52:
0)	0.426042
1)	0.0375024
2)	0.145928
3)	-0.0649768
4)	-0.346831
5)	0.152005
6)	0.170149
7)	0.499753
8)	-0.17299
9)	0.0539167
10)	0.267472
11)	0.438559
12)	0.444757
13)	0.39581
14)	0.139143
15)	-0.319447

Individual: 53:
0)	0.444248
1)	-0.0389038
2)	0.0248105
3)	-0.136498
4)	-0.575367
5)	0.142574
6)	-0.0856508
7)	0.502086
8)	-0.199782
9)	-0.169968
10)	0.279789
11)	0.281076
12)	0.483974
13)	0.341619
14)	-0.111457
15)	0.131042

Individual: 54:
0)	0.401327
1)	-0.0490449
2)	0.0186048
3)	-0.0732175
4)	-0.487754
5)	0.188225
6)	0.19111
7)	0.508676
8)	-0.515331
9)	0.550818
10)	0.28499
11)	0.229543
12)	0.298177
13)	0.588251
14)	-0.0272564
15)	0.115237

Individual: 55:
0)	0.428689
1)	-0.197749
2)	0.0184925
3)	0.190323
4)	-0.415853
5)	0.16367
6)	0.183408
7)	0.496356
8)	-0.48921
9)	0.291677
10)	0.210984
11)	-0.0754847
12)	0.430736
13)	0.56894
14)	-0.0597093
15)	0.0540696

Individual: 56:
0)	0.233516
1)	-0.0302598
2)	-0.15172
3)	-0.0642274
4)	-0.347186
5)	0.0691632
6)	0.20681
7)	0.634605
8)	-0.458062
9)	0.392231
10)	0.300276
11)	0.0170973
12)	0.598312
13)	0.285083
14)	0.0269581
15)	-0.0598952

Individual: 57:
0)	0.11193
1)	-0.0768896
2)	0.0204602
3)	-0.0850524
4)	-0.316306
5)	0.0521914
6)	0.173077
7)	0.324683
8)	-0.437364
9)	0.1255
10)	0.312536
11)	0.0980067
12)	0.402747
13)	0.259534
14)	0.06804
15)	-0.0551433

Individual: 58:
0)	0.277726
1)	-0.134162
2)	0.0243113
3)	-0.213055
4)	-0.298926
5)	0.112616
6)	-0.0940298
7)	0.741772
8)	-0.226868
9)	0.0568935
10)	0.305118
11)	-0.140369
12)	0.464614
13)	0.325441
14)	-0.0653943
15)	-0.0560534

Individual: 59:
0)	0.286375
1)	-0.110937
2)	0.0207884
3)	-0.237041
4)	-0.235774
5)	0.108728
6)	-0.10527
7)	0.750966
8)	-0.131762
9)	0.0415672
10)	0.302487
11)	0.0602337
12)	0.435309
13)	0.482552
14)	-0.086216
15)	-0.0560131

Individual: 60:
0)	0.239421
1)	-0.0587049
2)	0.0140252
3)	-0.263602
4)	-0.25284
5)	0.0683546
6)	-0.377258
7)	0.600984
8)	-0.220813
9)	0.315541
10)	0.449973
11)	0.135652
12)	0.413108
13)	0.298886
14)	-0.0637017
15)	-0.061652

Individual: 61:
0)	0.329904
1)	-0.0454157
2)	0.0185523
3)	-0.151181
4)	-0.345368
5)	0.0866147
6)	-0.283228
7)	0.49768
8)	-0.226946
9)	0.477595
10)	0.355213
11)	0.131655
12)	0.427776
13)	0.29216
14)	-0.0711359
15)	-0.0556532

Individual: 62:
0)	0.562476
1)	-0.0422483
2)	0.0178332
3)	0.142162
4)	-0.460749
5)	0.156473
6)	0.133178
7)	0.71524
8)	-0.19144
9)	-0.0035781
10)	0.188682
11)	0.154705
12)	0.107899
13)	0.297587
14)	0.027379
15)	-0.236017

Individual: 63:
0)	0.557173
1)	-0.0544319
2)	0.0185443
3)	0.293325
4)	-0.536818
5)	0.157245
6)	0.127367
7)	0.865629
8)	-0.197976
9)	-0.000932133
10)	0.193816
11)	0.157493
12)	-0.156315
13)	0.124505
14)	0.251593
15)	0.0203181

Individual: 64:
0)	0.306754
1)	-0.0332643
2)	0.0209222
3)	-0.0637825
4)	-0.193157
5)	0.0153955
6)	0.218314
7)	0.447521
8)	-0.401637
9)	0.301602
10)	0.292632
11)	0.337914
12)	0.43019
13)	0.267707
14)	-0.0193943
15)	-0.0326859

Individual: 65:
0)	0.074057
1)	-0.0977785
2)	0.0167594
3)	-0.0613181
4)	-0.198602
5)	0.0468572
6)	0.279102
7)	0.334084
8)	-0.392376
9)	0.262841
10)	0.287411
11)	0.39322
12)	0.487075
13)	0.276766
14)	-0.0150444
15)	-0.29674

Individual: 66:
0)	0.616801
1)	-0.0675104
2)	0.0192884
3)	0.234138
4)	-0.377785
5)	0.273944
6)	0.154892
7)	0.373003
8)	-0.481032
9)	0.026712
10)	0.176284
11)	0.311244
12)	0.341404
13)	0.338822
14)	-0.0877542
15)	-0.144059

Individual: 67:
0)	0.550686
1)	-0.0703427
2)	0.0172714
3)	0.0300541
4)	-0.398849
5)	0.0321151
6)	0.250441
7)	0.642334
8)	-0.204277
9)	0.126578
10)	0.302865
11)	0.224045
12)	0.360645
13)	0.31973
14)	-0.362977
15)	-0.0944104

Individual: 68:
0)	0.29853
1)	0.162337
2)	0.0206617
3)	0.0622523
4)	-0.389862
5)	0.132846
6)	0.230061
7)	0.395036
8)	-0.259705
9)	0.104927
10)	0.29175
11)	0.110838
12)	0.271559
13)	0.32271
14)	0.256065
15)	-0.0391684

Individual: 69:
0)	0.387735
1)	0.157936
2)	0.00703039
3)	-0.00463779
4)	-0.461504
5)	0.183585
6)	0.178953
7)	0.385188
8)	-0.212547
9)	0.0673984
10)	0.289775
11)	0.119071
12)	0.27984
13)	0.332302
14)	0.101468
15)	-0.0644344

Individual: 70:
0)	0.455768
1)	-0.0140013
2)	0.0178882
3)	-0.0352832
4)	-0.332563
5)	-0.0631282
6)	0.0103754
7)	0.484665
8)	-0.141755
9)	0.428705
10)	0.0998754
11)	0.342615
12)	0.343686
13)	0.611568
14)	0.08871
15)	-0.00194459

Individual: 71:
0)	0.42112
1)	-0.177182
2)	0.0158779
3)	-0.0161566
4)	-0.327361
5)	0.112394
6)	-0.0953161
7)	0.476184
8)	-0.194548
9)	0.193297
10)	0.651526
11)	0.0548683
12)	0.367684
13)	0.481423
14)	0.151424
15)	0.0277177

Individual: 72:
0)	0.432048
1)	0.0117693
2)	0.0268682
3)	-0.109239
4)	-0.338154
5)	0.174814
6)	0.0479887
7)	0.450025
8)	-0.261543
9)	0.13475
10)	0.191687
11)	0.132276
12)	0.366677
13)	0.391942
14)	0.154664
15)	-0.428658

Individual: 73:
0)	0.531107
1)	0.00359452
2)	0.308076
3)	-0.346407
4)	-0.29278
5)	0.263208
6)	0.0781754
7)	0.37872
8)	-0.112444
9)	0.0153616
10)	0.413465
11)	0.133893
12)	0.324887
13)	0.436361
14)	-0.222858
15)	-0.119728

Individual: 74:
0)	0.33904
1)	-0.0415213
2)	-0.00571683
3)	-0.137702
4)	-0.308568
5)	0.290196
6)	0.0476029
7)	0.471026
8)	-0.146382
9)	0.130577
10)	0.581778
11)	0.143678
12)	0.432624
13)	0.32391
14)	-0.105884
15)	0.0549766

Individual: 75:
0)	0.339766
1)	-0.0552141
2)	-0.288658
3)	-0.176921
4)	-0.514705
5)	0.160817
6)	0.0599257
7)	0.317658
8)	-0.123659
9)	0.0215901
10)	0.345821
11)	0.139898
12)	0.438576
13)	0.313287
14)	-0.110781
15)	-0.153964

Individual: 76:
0)	0.359484
1)	-0.00895544
2)	0.00949491
3)	-0.107789
4)	-0.266985
5)	-0.102151
6)	-0.0294755
7)	0.435345
8)	-0.354409
9)	0.159386
10)	0.246191
11)	0.205932
12)	0.352756
13)	0.311684
14)	0.0294435
15)	-0.109

Individual: 77:
0)	0.426087
1)	-0.0245858
2)	0.0114775
3)	-0.0410404
4)	0.0325272
5)	-0.0700829
6)	0.102163
7)	0.549271
8)	-0.0904591
9)	0.158294
10)	0.23797
11)	0.187873
12)	0.344205
13)	0.306054
14)	-0.152174
15)	-0.112679

Individual: 78:
0)	0.44784
1)	-0.00602435
2)	0.0189528
3)	-0.0762559
4)	-0.394543
5)	0.0131436
6)	0.34776
7)	0.49991
8)	-0.253528
9)	-0.074769
10)	0.0884781
11)	0.170745
12)	0.391546
13)	0.463357
14)	0.023825
15)	-0.0446874

Individual: 79:
0)	0.469968
1)	-0.042837
2)	-0.00146018
3)	-0.163056
4)	-0.407009
5)	0.0610539
6)	-0.0434397
7)	0.488807
8)	-0.27945
9)	0.110414
10)	0.199663
11)	0.179683
12)	0.0928107
13)	0.386575
14)	0.0877373
15)	0.0141688

Individual: 80:
0)	0.63426
1)	-0.0507331
2)	0.0213147
3)	0.171868
4)	-0.389038
5)	0.123491
6)	0.104256
7)	0.361997
8)	-0.212761
9)	0.273238
10)	0.173433
11)	0.0919238
12)	0.353256
13)	0.427596
14)	0.12696
15)	-0.0402909

Individual: 81:
0)	0.382683
1)	-0.252576
2)	0.0206111
3)	-0.02515
4)	-0.42979
5)	-0.0146843
6)	0.0949909
7)	0.129765
8)	-0.293175
9)	0.377608
10)	0.325099
11)	0.0972501
12)	0.36217
13)	0.526006
14)	-0.0737015
15)	-0.0505518

Individual: 82:
0)	0.491806
1)	-0.108202
2)	0.0011486
3)	-0.109876
4)	-0.277622
5)	0.203145
6)	0.0815492
7)	0.579395
8)	-0.162846
9)	0.128186
10)	0.306726
11)	0.0194309
12)	0.902244
13)	0.103195
14)	0.0583228
15)	0.0503077

Individual: 83:
0)	0.415459
1)	-0.0825001
2)	0.036064
3)	-0.053291
4)	-0.316372
5)	0.100863
6)	0.408923
7)	0.689255
8)	-0.189819
9)	0.175844
10)	0.316103
11)	0.0264447
12)	0.563018
13)	0.167543
14)	0.0621444
15)	0.0440166

Individual: 84:
0)	0.536498
1)	-0.0439096
2)	0.0045539
3)	0.0626405
4)	-0.33879
5)	0.142272
6)	0.0400272
7)	0.477165
8)	-0.208545
9)	0.116111
10)	0.389938
11)	0.190616
12)	0.313536
13)	0.392867
14)	0.0540294
15)	-0.0661246

Individual: 85:
0)	0.462252
1)	-0.0019779
2)	-0.0267498
3)	-0.177626
4)	-0.341412
5)	0.161736
6)	0.0666465
7)	0.28797
8)	-0.288296
9)	0.170258
10)	0.436777
11)	0.127691
12)	0.340197
13)	0.401595
14)	0.031857
15)	-0.0770256

Individual: 86:
0)	0.319901
1)	-0.0742553
2)	0.0151005
3)	0.00452722
4)	-0.289741
5)	-0.0835517
6)	0.170928
7)	0.443462
8)	-0.155034
9)	0.149829
10)	0.18808
11)	0.323486
12)	0.300757
13)	0.142972
14)	0.00585718
15)	-0.0130489

Individual: 87:
0)	0.225696
1)	-0.093147
2)	0.0159724
3)	0.0148667
4)	-0.360743
5)	-0.0695145
6)	0.137921
7)	0.490859
8)	-0.139239
9)	0.149904
10)	0.305206
11)	0.325077
12)	0.303957
13)	0.16955
14)	-0.0118121
15)	-0.0516605

Individual: 88:
0)	0.526822
1)	-0.161019
2)	0.0180656
3)	-0.0952399
4)	-0.299717
5)	0.0783032
6)	0.0551359
7)	0.293942
8)	-0.391967
9)	-0.0621401
10)	0.395353
11)	0.0495054
12)	0.377346
13)	0.298825
14)	0.15455
15)	-0.0871116

Individual: 89:
0)	0.43733
1)	-0.0194541
2)	0.0174428
3)	-0.0598154
4)	-0.286347
5)	0.0662408
6)	0.0553877
7)	0.288614
8)	-0.446054
9)	0.0610288
10)	0.444232
11)	0.0616624
12)	0.452926
13)	0.380264
14)	-0.145669
15)	-0.0917454

Individual: 90:
0)	0.274111
1)	-0.0178629
2)	0.16199
3)	0.240496
4)	-0.365603
5)	0.187084
6)	-0.0314944
7)	0.482128
8)	-0.129729
9)	0.116366
10)	0.295293
11)	0.246654
12)	0.183287
13)	0.244479
14)	0.05108
15)	-0.000207591

Individual: 91:
0)	0.271442
1)	-0.0108761
2)	0.0991986
3)	0.0095836
4)	-0.366624
5)	0.10465
6)	0.138558
7)	0.480224
8)	-0.020281
9)	0.0177425
10)	0.301226
11)	0.139496
12)	0.356999
13)	0.190542
14)	0.0420846
15)	-0.0172374

Individual: 92:
0)	0.435399
1)	-0.0522788
2)	0.0793994
3)	-0.0536485
4)	-0.305896
5)	0.0599725
6)	0.139329
7)	0.375408
8)	-0.0839344
9)	0.0974495
10)	0.318251
11)	0.0325099
12)	0.507794
13)	0.38659
14)	0.0362784
15)	-0.0265538

Individual: 93:
0)	0.435643
1)	-0.0720636
2)	0.0868174
3)	0.0407781
4)	-0.308213
5)	-0.0315722
6)	0.116308
7)	0.367587
8)	-0.138422
9)	-0.0491906
10)	0.323483
11)	0.186
12)	0.508941
13)	0.344511
14)	0.0372152
15)	-0.0285334

Individual: 94:
0)	0.3291
1)	-0.0283138
2)	0.014202
3)	-0.133289
4)	-0.146622
5)	0.182058
6)	0.0328568
7)	0.373459
8)	-0.235485
9)	0.0467919
10)	0.0440765
11)	0.14111
12)	0.38878
13)	0.12096
14)	-0.117384
15)	0.0783494

Individual: 95:
0)	0.0629905
1)	-0.026319
2)	0.0154014
3)	-0.175179
4)	-0.333903
5)	0.166004
6)	0.0189992
7)	0.418724
8)	-0.447955
9)	0.036025
10)	0.117694
11)	0.354661
12)	0.539548
13)	0.364021
14)	-0.0641197
15)	0.0836268

Individual: 96:
0)	0.386546
1)	-0.0385725
2)	-0.0523495
3)	0.136438
4)	-0.247348
5)	0.0660309
6)	0.0744519
7)	0.471919
8)	-0.333675
9)	0.125735
10)	0.314433
11)	0.12945
12)	0.382077
13)	0.347119
14)	-0.0472103
15)	-0.0138551

Individual: 97:
0)	0.307807
1)	0.00757179
2)	0.0165241
3)	-0.3244
4)	-0.472188
5)	0.0270868
6)	0.21763
7)	0.510758
8)	-0.270288
9)	0.163442
10)	0.286388
11)	0.170875
12)	0.210613
13)	-0.307049
14)	-0.286628
15)	0.0571511

Individual: 98:
0)	0.414308
1)	-0.064038
2)	0.0123184
3)	-0.220993
4)	-0.434276
5)	0.107491
6)	0.0403276
7)	0.566485
8)	-0.180244
9)	0.153895
10)	0.307524
11)	0.134166
12)	0.279264
13)	0.529132
14)	-0.0806918
15)	0.0390266

Individual: 99:
0)	0.419203
1)	-0.0889471
2)	0.0126842
3)	-0.0205962
4)	-0.364943
5)	0.113554
6)	0.0422711
7)	0.589694
8)	-0.174371
9)	0.239317
10)	0.306877
11)	0.280203
12)	0.479017
13)	0.526754
14)	-0.0804626
15)	0.0173708

Individual: 100:
0)	0.354562
1)	-0.00446005
2)	0.0171628
3)	-0.166288
4)	-0.285542
5)	0.265195
6)	0.0853295
7)	0.509466
8)	-0.0695174
9)	0.00829193
10)	0.341213
11)	0.144969
12)	0.293981
13)	0.208984
14)	0.0343115
15)	-0.145566

Individual: 101:
0)	0.511706
1)	-0.045808
2)	0.276429
3)	-0.103233
4)	-0.397921
5)	0.0172428
6)	0.123359
7)	0.773914
8)	-0.0549927
9)	0.226153
10)	0.355475
11)	0.16536
12)	0.493873
13)	0.0157805
14)	-0.0239439
15)	0.0876589

Individual: 102:
0)	0.316936
1)	-0.130213
2)	-0.205181
3)	-0.0627725
4)	-0.136267
5)	0.117804
6)	0.157802
7)	0.599247
8)	-0.236356
9)	-0.16008
10)	0.323404
11)	0.105886
12)	0.368547
13)	0.660161
14)	0.106598
15)	0.122402

Individual: 103:
0)	0.338616
1)	-0.159943
2)	0.0136623
3)	-0.0573725
4)	-0.333561
5)	0.1008
6)	0.215009
7)	0.498597
8)	-0.274524
9)	0.0681456
10)	0.330897
11)	0.026971
12)	0.295561
13)	0.601863
14)	0.0983556
15)	0.0492173

Individual: 104:
0)	0.446681
1)	0.105166
2)	0.0178791
3)	-0.0504969
4)	-0.486309
5)	0.219298
6)	0.141568
7)	0.501543
8)	-0.259477
9)	0.00425175
10)	0.158673
11)	0.113758
12)	0.243381
13)	0.327792
14)	0.236908
15)	-0.072873

Individual: 105:
0)	0.400397
1)	-0.0580925
2)	0.0139572
3)	0.0407211
4)	-0.469286
5)	0.193938
6)	0.133611
7)	0.507704
8)	-0.222455
9)	0.0730128
10)	0.332002
11)	0.0163165
12)	0.239077
13)	0.304674
14)	-0.0143028
15)	-0.154516

Individual: 106:
0)	0.398986
1)	-0.173565
2)	0.0471029
3)	-0.128398
4)	-0.33239
5)	0.0910229
6)	0.112872
7)	0.460739
8)	-0.176901
9)	0.132985
10)	0.333159
11)	0.153922
12)	0.327727
13)	0.503141
14)	0.0433685
15)	-0.00824098

Individual: 107:
0)	0.399462
1)	0.00214365
2)	0.0698326
3)	0.0728584
4)	-0.145308
5)	0.106444
6)	0.128201
7)	0.455556
8)	-0.179398
9)	0.197871
10)	0.313665
11)	0.112831
12)	0.39469
13)	0.406622
14)	-0.247874
15)	-0.0266054

Individual: 108:
0)	0.336936
1)	-0.0816622
2)	0.0172124
3)	-0.106659
4)	-0.583442
5)	-0.120952
6)	0.0875421
7)	0.46026
8)	-0.0621383
9)	0.150343
10)	0.239336
11)	0.12514
12)	0.290566
13)	-0.0588615
14)	0.0304117
15)	0.184214

Individual: 109:
0)	0.37441
1)	-0.0589233
2)	0.0224162
3)	-0.131817
4)	-0.318755
5)	-0.145626
6)	0.0942209
7)	0.483254
8)	-0.0658743
9)	0.251838
10)	0.361738
11)	0.0843643
12)	0.154093
13)	0.325569
14)	-0.11474
15)	-0.0683447

Individual: 110:
0)	0.358543
1)	-0.020635
2)	-0.0356871
3)	-0.263301
4)	-0.48461
5)	0.288757
6)	0.0931549
7)	0.423086
8)	-0.501497
9)	0.466685
10)	0.267625
11)	0.108398
12)	0.34274
13)	0.287695
14)	0.178991
15)	0.0779493

Individual: 111:
0)	0.341157
1)	-0.0336312
2)	0.0485231
3)	-0.181326
4)	-0.493447
5)	0.125857
6)	0.311061
7)	0.428077
8)	-0.637966
9)	0.435847
10)	0.318349
11)	0.113698
12)	0.385964
13)	0.28378
14)	0.0186343
15)	0.0862878

Individual: 112:
0)	0.270793
1)	-0.10476
2)	0.0194049
3)	-0.0656101
4)	-0.410753
5)	0.147456
6)	0.00469598
7)	0.428024
8)	-0.144492
9)	0.101965
10)	0.225305
11)	0.0742385
12)	0.369345
13)	0.344729
14)	0.0955301
15)	-0.159805

Individual: 113:
0)	0.397027
1)	0.0410731
2)	0.026335
3)	0.00565162
4)	-0.239025
5)	-0.00945349
6)	-0.115486
7)	0.44719
8)	-0.27194
9)	0.0263672
10)	0.240956
11)	0.294612
12)	0.27761
13)	0.517288
14)	0.111644
15)	0.0416173

Individual: 114:
0)	0.353253
1)	0.0376634
2)	0.0161826
3)	-0.375332
4)	-0.250948
5)	-0.154025
6)	0.146068
7)	0.347916
8)	-0.14593
9)	0.233038
10)	0.328197
11)	0.259101
12)	0.221976
13)	0.71381
14)	-0.158537
15)	-0.0346966

Individual: 115:
0)	0.374624
1)	0.163074
2)	-0.0204142
3)	-0.144008
4)	-0.291121
5)	0.0383487
6)	0.150804
7)	0.407215
8)	-0.198148
9)	0.129332
10)	0.326378
11)	0.251861
12)	0.255972
13)	0.27236
14)	-0.0394368
15)	-0.0519712

Individual: 116:
0)	0.358694
1)	-0.111852
2)	0.0257237
3)	-0.0715628
4)	-0.361259
5)	0.0875187
6)	-0.00429568
7)	0.590014
8)	0.000358965
9)	0.0839153
10)	0.393072
11)	0.18309
12)	0.47191
13)	0.270613
14)	0.056952
15)	0.0191235

Individual: 117:
0)	0.347938
1)	-0.129833
2)	0.025356
3)	-0.0856881
4)	-0.344685
5)	0.0904969
6)	-0.0132247
7)	0.609777
8)	-0.174234
9)	0.0113862
10)	0.344423
11)	0.183037
12)	0.365479
13)	0.332034
14)	0.0529894
15)	-0.021537

Individual: 118:
0)	0.368848
1)	-0.188034
2)	0.0186063
3)	-0.0156385
4)	-0.401437
5)	0.147587
6)	0.0232306
7)	0.287976
8)	-0.168421
9)	-0.157611
10)	0.289594
11)	0.301774
12)	0.529717
13)	0.411557
14)	0.191819
15)	0.00181774

Individual: 119:
0)	0.345524
1)	-0.193546
2)	0.0186955
3)	-0.0288941
4)	-0.37966
5)	0.00949907
6)	0.138928
7)	0.543106
8)	-0.212789
9)	0.104363
10)	0.258856
11)	0.421052
12)	0.526456
13)	0.396374
14)	-0.130361
15)	-0.0719217

Individual: 120:
0)	0.453545
1)	-0.0470731
2)	0.023873
3)	0.0968878
4)	-0.399281
5)	0.131217
6)	0.00480154
7)	0.54482
8)	-0.247207
9)	0.163471
10)	0.293508
11)	-0.0834326
12)	0.316329
13)	0.313365
14)	0.229628
15)	-0.0795624

Individual: 121:
0)	0.339367
1)	-0.036031
2)	0.0229345
3)	0.0197697
4)	-0.42093
5)	0.133765
6)	0.0183139
7)	0.499911
8)	-0.22854
9)	0.218009
10)	0.133404
11)	-0.147621
12)	0.160078
13)	0.313039
14)	-0.231959
15)	0.0106078

Individual: 122:
0)	0.433434
1)	0.137159
2)	0.0298358
3)	-0.0563611
4)	-0.218327
5)	0.10133
6)	0.0720448
7)	0.57396
8)	-0.309681
9)	-0.0021235
10)	0.33687
11)	0.277243
12)	0.252995
13)	0.393054
14)	0.0843782
15)	0.0139359

Individual: 123:
0)	0.436422
1)	0.0727483
2)	0.0265682
3)	-0.137003
4)	-0.19802
5)	0.100885
6)	0.0712613
7)	0.565736
8)	-0.3102
9)	0.00508856
10)	0.332888
11)	0.317139
12)	0.289647
13)	0.391225
14)	0.0280477
15)	-0.0917456

Individual: 124:
0)	0.377564
1)	-0.032961
2)	-0.0549446
3)	-0.135665
4)	-0.256499
5)	0.000951812
6)	0.0417757
7)	0.577187
8)	-0.126228
9)	-0.0522847
10)	0.314504
11)	0.461036
12)	0.348981
13)	0.272066
14)	-0.073603
15)	-0.0974502

Individual: 125:
0)	0.355951
1)	0.148696
2)	-0.0344724
3)	-0.124734
4)	-0.260489
5)	0.0548852
6)	-0.0518137
7)	0.643679
8)	-0.0424063
9)	-0.0466671
10)	0.610976
11)	0.220691
12)	0.349768
13)	0.258643
14)	-0.0757978
15)	-0.0988569

Individual: 126:
0)	0.506325
1)	-0.00841846
2)	0.0148382
3)	-0.0473635
4)	-0.629555
5)	0.141861
6)	0.224761
7)	0.283905
8)	-0.436035
9)	0.162149
10)	0.384127
11)	0.0629307
12)	0.292007
13)	0.255988
14)	-0.0233707
15)	0.11393

Individual: 127:
0)	0.501443
1)	0.00202891
2)	0.0146172
3)	-0.0659958
4)	-0.54978
5)	0.0854305
6)	0.216523
7)	0.284612
8)	-0.503377
9)	0.161394
10)	0.406964
11)	0.0989045
12)	0.284837
13)	0.263048
14)	0.00608978
15)	-0.0112509

Individual: 128:
0)	0.538036
1)	-0.151625
2)	-0.00218624
3)	-0.0510084
4)	-0.335123
5)	0.0878305
6)	-0.0943661
7)	0.5498
8)	-0.277895
9)	0.207483
10)	0.0718566
11)	0.180341
12)	0.434521
13)	0.385725
14)	0.107732
15)	-0.112247

Individual: 129:
0)	0.244742
1)	0.0105661
2)	0.00207683
3)	0.0648631
4)	-0.302936
5)	0.144896
6)	-0.06998
7)	0.427131
8)	-0.165368
9)	0.138662
10)	0.260183
11)	-0.0476326
12)	0.341212
13)	0.0795321
14)	-0.056836
15)	0.0578271

Individual: 130:
0)	0.414342
1)	-0.106277
2)	-0.0750982
3)	-0.0866797
4)	-0.206917
5)	-0.0320546
6)	0.17782
7)	0.483759
8)	-0.30303
9)	0.243353
10)	0.393302
11)	0.206884
12)	0.430372
13)	0.370121
14)	-0.00424182
15)	-0.229

Individual: 131:
0)	0.412235
1)	-0.0653834
2)	0.0180644
3)	0.141294
4)	-0.407605
5)	-0.110751
6)	-0.0044037
7)	0.508042
8)	-0.286651
9)	0.563296
10)	0.390636
11)	0.0819655
12)	0.373655
13)	0.269466
14)	0.023277
15)	0.0985787

Individual: 132:
0)	0.307255
1)	-0.161583
2)	0.0371361
3)	-0.129253
4)	-0.291805
5)	0.0434125
6)	0.089455
7)	0.534636
8)	-0.341611
9)	0.0307395
10)	0.260237
11)	0.207713
12)	0.346652
13)	0.273084
14)	-0.0856177
15)	-0.0671485

Individual: 133:
0)	0.212828
1)	-0.0225313
2)	0.035407
3)	-0.0615118
4)	-0.207287
5)	0.0451659
6)	0.113007
7)	0.536232
8)	-0.278259
9)	0.138051
10)	0.276825
11)	0.438593
12)	0.333828
13)	0.143037
14)	-0.0739053
15)	-0.0162906

Individual: 134:
0)	0.369993
1)	-0.156399
2)	0.0105937
3)	-0.124662
4)	-0.365518
5)	-0.032357
6)	0.19206
7)	0.541424
8)	-0.209644
9)	0.0848014
10)	0.252498
11)	0.162369
12)	0.364225
13)	0.594823
14)	0.0799138
15)	-0.0162284

Individual: 135:
0)	0.369597
1)	-0.143545
2)	0.010955
3)	-0.103801
4)	-0.625996
5)	-0.0977785
6)	0.2509
7)	0.482196
8)	-0.271966
9)	0.110612
10)	0.240135
11)	0.164313
12)	0.310199
13)	0.589751
14)	0.079265
15)	-0.0551267

Individual: 136:
0)	0.0842622
1)	-0.0439467
2)	0.0463983
3)	-0.108191
4)	-0.343388
5)	0.116469
6)	0.241781
7)	0.481545
8)	-0.338818
9)	0.285204
10)	0.232643
11)	0.256881
12)	0.404257
13)	0.233805
14)	-0.0459985
15)	-0.0239165

Individual: 137:
0)	0.238494
1)	-0.0432768
2)	0.0683363
3)	-0.104848
4)	-0.382011
5)	0.117091
6)	0.20041
7)	0.753965
8)	-0.261585
9)	0.229755
10)	0.286706
11)	0.222371
12)	0.395398
13)	0.229026
14)	0.0834868
15)	0.0210454

Individual: 138:
0)	0.394061
1)	-0.0100596
2)	0.0242086
3)	-0.072459
4)	-0.210675
5)	0.0274892
6)	0.0144624
7)	0.474146
8)	-0.268105
9)	0.203678
10)	0.0780798
11)	0.398797
12)	0.270433
13)	0.314541
14)	0.0509074
15)	0.0305865

Individual: 139:
0)	0.378678
1)	0.0225538
2)	0.0245025
3)	0.116445
4)	-0.257007
5)	0.0277032
6)	-0.056244
7)	0.592914
8)	-0.453782
9)	0.160715
10)	0.102794
11)	0.418487
12)	0.272286
13)	0.473061
14)	0.0669401
15)	0.00939286

Individual: 140:
0)	0.400623
1)	-0.0888403
2)	0.013958
3)	-0.210366
4)	-0.351221
5)	0.146625
6)	0.184459
7)	0.460134
8)	-0.107259
9)	0.0601206
10)	0.314062
11)	0.0954509
12)	0.281891
13)	0.251487
14)	-0.108896
15)	0.0611818

Individual: 141:
0)	0.392089
1)	-0.117865
2)	0.0114498
3)	-0.166458
4)	-0.417087
5)	0.19846
6)	0.0943093
7)	0.519518
8)	-0.13727
9)	0.205812
10)	0.314058
11)	0.102477
12)	0.247152
13)	0.445396
14)	0.0096189
15)	0.0575802

Individual: 142:
0)	0.331828
1)	0.039621
2)	0.0186914
3)	-0.207892
4)	-0.257158
5)	0.0745313
6)	0.0721759
7)	0.578408
8)	-0.210234
9)	0.131
10)	0.305451
11)	0.202666
12)	0.341699
13)	0.185055
14)	0.0021503
15)	-0.210643

Individual: 143:
0)	0.356622
1)	-0.0257976
2)	0.0171198
3)	-0.351924
4)	-0.268907
5)	0.0132422
6)	0.0868949
7)	0.674542
8)	-0.226112
9)	0.14841
10)	0.288704
11)	0.229017
12)	0.333602
13)	0.231704
14)	0.0525059
15)	-0.264516

Individual: 144:
0)	0.485005
1)	0.0857245
2)	0.00756873
3)	-0.00575404
4)	-0.394737
5)	0.460456
6)	0.0826719
7)	0.594959
8)	-0.209903
9)	0.0537278
10)	0.249005
11)	0.149027
12)	0.329227
13)	0.318589
14)	0.168437
15)	0.0104819

Individual: 145:
0)	0.419316
1)	0.0170492
2)	-0.00120905
3)	0.109747
4)	-0.349206
5)	0.163851
6)	0.0921774
7)	0.597134
8)	-0.215916
9)	0.0234383
10)	0.231486
11)	-0.00411405
12)	0.16975
13)	0.324231
14)	0.221273
15)	0.013345

Individual: 146:
0)	0.243959
1)	-0.000401375
2)	-0.0396847
3)	-0.0442743
4)	-0.288361
5)	0.197626
6)	0.153521
7)	0.424462
8)	-0.0968999
9)	0.122612
10)	0.209992
11)	0.15483
12)	0.780023
13)	0.329341
14)	0.0948367
15)	-0.0275605

Individual: 147:
0)	0.288718
1)	-0.0651536
2)	0.0122746
3)	0.119704
4)	-0.241846
5)	0.138317
6)	0.153251
7)	0.761661
8)	-0.242096
9)	0.249987
10)	0.479818
11)	0.358991
12)	0.382255
13)	0.379984
14)	0.0970855
15)	-0.0270777

Individual: 148:
0)	0.423612
1)	-0.0697103
2)	0.0196974
3)	-0.0921211
4)	-0.415208
5)	0.356179
6)	0.0768177
7)	0.521468
8)	-0.182293
9)	0.19395
10)	0.352643
11)	0.368895
12)	0.484578
13)	0.332901
14)	0.058026
15)	0.200213

Individual: 149:
0)	0.490616
1)	-0.102192
2)	0.247946
3)	-0.0894176
4)	-0.4217
5)	0.193014
6)	0.0322151
7)	0.511816
8)	-0.157883
9)	0.11045
10)	0.239892
11)	0.0814954
12)	0.484547
13)	0.316782
14)	0.00852778
15)	-0.117651

Individual: 150:
0)	0.449145
1)	-0.136359
2)	0.0242599
3)	-0.146908
4)	-0.271204
5)	0.115854
6)	-0.116404
7)	0.74266
8)	-0.248936
9)	-0.0140074
10)	0.238979
11)	0.178434
12)	0.400362
13)	0.399337
14)	-4.57471e-005
15)	-0.229032

Individual: 151:
0)	0.407422
1)	-0.0761565
2)	0.0248639
3)	-0.337747
4)	-0.329065
5)	-0.0361573
6)	-0.0980258
7)	0.475483
8)	-0.254376
9)	-0.293905
10)	0.323712
11)	0.230278
12)	0.348107
13)	0.376174
14)	-0.0144025
15)	0.134023

Individual: 152:
0)	0.383597
1)	0.104076
2)	0.0191577
3)	-0.11606
4)	-0.232834
5)	0.0483049
6)	0.0737002
7)	0.6031
8)	-0.46977
9)	0.0820775
10)	0.304277
11)	0.215106
12)	0.38316
13)	0.27536
14)	0.00509394
15)	-0.0589663

Individual: 153:
0)	0.286426
1)	0.0653916
2)	0.0193238
3)	-0.055267
4)	-0.256591
5)	-0.107541
6)	0.0444597
7)	0.6289
8)	-0.187495
9)	0.192338
10)	0.292295
11)	0.22219
12)	0.408419
13)	0.0259227
14)	-0.0341688
15)	0.0500633

Individual: 154:
0)	0.397759
1)	-0.0558588
2)	0.0221674
3)	-0.07757
4)	-0.329776
5)	0.366052
6)	0.0772889
7)	0.486648
8)	-0.269261
9)	0.457647
10)	0.311329
11)	0.0432905
12)	0.386073
13)	0.327317
14)	0.16725
15)	-0.0557773

Individual: 155:
0)	0.353022
1)	0.0548415
2)	-0.210575
3)	-0.109945
4)	0.044112
5)	0.314429
6)	0.0781862
7)	0.487189
8)	-0.270568
9)	0.421013
10)	0.324413
11)	0.0625781
12)	0.407923
13)	0.258361
14)	0.166792
15)	-0.0374157

Individual: 156:
0)	0.315804
1)	0.0747609
2)	0.0188445
3)	-0.143197
4)	-0.34867
5)	0.139826
6)	-0.307408
7)	0.361559
8)	-0.358838
9)	0.341023
10)	-0.0166614
11)	0.0641
12)	0.314273
13)	0.28122
14)	0.00544722
15)	-0.0670369

Individual: 157:
0)	0.284373
1)	-0.0798577
2)	-0.15439
3)	0.103776
4)	-0.346506
5)	-0.0290191
6)	-0.175848
7)	0.465898
8)	-0.409549
9)	0.288376
10)	0.212342
11)	-0.0845718
12)	0.314359
13)	0.279212
14)	-0.108995
15)	0.232571

Individual: 158:
0)	0.361672
1)	-0.21419
2)	0.216427
3)	-0.112217
4)	-0.238614
5)	0.0217857
6)	0.0426323
7)	0.206246
8)	-0.299527
9)	0.198499
10)	0.176645
11)	-0.130441
12)	0.363184
13)	0.352289
14)	-0.0597173
15)	-0.0293529

Individual: 159:
0)	0.357575
1)	-0.0947939
2)	0.268808
3)	-0.116568
4)	-0.218996
5)	0.207227
6)	-0.00232701
7)	0.455557
8)	-0.28861
9)	0.330587
10)	0.164756
11)	0.366419
12)	0.252987
13)	0.349365
14)	-0.100894
15)	-0.246509

Individual: 160:
0)	0.38189
1)	-0.0101764
2)	0.0206435
3)	0.0347566
4)	-0.149278
5)	0.137583
6)	0.196273
7)	0.579946
8)	-0.281932
9)	0.0529478
10)	0.295027
11)	0.157406
12)	0.456151
13)	0.333777
14)	0.0545748
15)	-0.0743688

Individual: 161:
0)	0.481489
1)	0.0172137
2)	0.021095
3)	-0.0921095
4)	-0.0777074
5)	0.103445
6)	0.148293
7)	0.474387
8)	-0.265788
9)	0.0527974
10)	0.308045
11)	0.0217182
12)	0.449484
13)	0.287501
14)	-0.0531203
15)	-0.106148

Individual: 162:
0)	0.379378
1)	0.0096884
2)	-0.0329114
3)	-0.0590854
4)	-0.295137
5)	0.276648
6)	0.112213
7)	0.660375
8)	-0.258315
9)	-0.130144
10)	0.163408
11)	0.157123
12)	0.410604
13)	0.223133
14)	0.302929
15)	0.300497

Individual: 163:
0)	0.411801
1)	0.0765629
2)	0.0200649
3)	-0.0274149
4)	-0.214932
5)	0.0562483
6)	0.0711284
7)	0.687472
8)	-0.186949
9)	-0.128906
10)	0.266504
11)	0.130937
12)	0.394559
13)	0.178051
14)	-0.136364
15)	0.232684

Individual: 164:
0)	0.332277
1)	-0.201044
2)	0.0193342
3)	-0.0228252
4)	-0.192604
5)	0.390658
6)	0.258157
7)	0.613963
8)	-0.358848
9)	0.290151
10)	0.280806
11)	0.124903
12)	0.408727
13)	0.330021
14)	-0.242146
15)	0.220424

Individual: 165:
0)	0.346302
1)	-0.129274
2)	0.0190434
3)	0.303468
4)	-0.311096
5)	0.133335
6)	0.267043
7)	0.429328
8)	-0.193319
9)	0.140706
10)	0.261914
11)	0.157013
12)	0.412766
13)	0.331914
14)	-0.0687783
15)	0.0693999

Individual: 166:
0)	0.36513
1)	-0.0678098
2)	0.00974551
3)	-0.0486947
4)	-0.502676
5)	0.0517053
6)	0.0497678
7)	0.440939
8)	-0.237242
9)	0.0559433
10)	0.281652
11)	0.23141
12)	0.359982
13)	0.454971
14)	0.0393781
15)	0.0100189

Individual: 167:
0)	0.22006
1)	-0.0589661
2)	0.00973716
3)	-0.0452273
4)	-0.643768
5)	0.0615345
6)	0.382789
7)	0.542759
8)	-0.228218
9)	0.0725961
10)	0.248118
11)	0.207677
12)	0.408439
13)	0.371741
14)	-0.00917965
15)	0.01143

Individual: 168:
0)	0.406507
1)	-0.116629
2)	0.0178548
3)	-0.102519
4)	-0.322618
5)	0.120293
6)	-0.0559913
7)	0.718404
8)	-0.349827
9)	0.115371
10)	0.310267
11)	0.150251
12)	0.430673
13)	0.310915
14)	-0.0896157
15)	-0.0563849

Individual: 169:
0)	0.300278
1)	-0.11089
2)	-0.024967
3)	0.0408312
4)	-0.295465
5)	0.0966622
6)	-0.249042
7)	0.628004
8)	-0.319628
9)	0.1355
10)	0.307592
11)	0.216218
12)	0.427877
13)	0.303522
14)	-0.0692821
15)	-0.0565026

Individual: 170:
0)	0.321765
1)	-0.0978298
2)	0.0155766
3)	-0.0973949
4)	-0.440342
5)	0.121881
6)	0.0286861
7)	0.468492
8)	-0.212937
9)	0.0754314
10)	0.355969
11)	0.0548337
12)	0.382946
13)	0.149514
14)	0.0723582
15)	0.273981

Individual: 171:
0)	0.355533
1)	-0.171708
2)	0.0158545
3)	-0.132473
4)	-0.317231
5)	0.262358
6)	0.0483936
7)	0.333273
8)	-0.211847
9)	0.0633872
10)	0.389422
11)	0.0460866
12)	0.454795
13)	0.349441
14)	0.0587178
15)	0.157366

Individual: 172:
0)	0.34004
1)	0.020862
2)	0.0496533
3)	0.0406503
4)	-0.316201
5)	0.130672
6)	0.0604848
7)	0.694644
8)	-0.2879
9)	0.122339
10)	0.259082
11)	0.295169
12)	0.256594
13)	-0.0916441
14)	-0.099904
15)	-0.106102

Individual: 173:
0)	0.421066
1)	0.0249437
2)	0.0603142
3)	0.0217977
4)	-0.425334
5)	0.0954667
6)	0.115444
7)	0.533138
8)	-0.325743
9)	-0.103535
10)	0.21427
11)	0.332684
12)	0.330319
13)	0.224042
14)	-0.0892194
15)	0.229078

Individual: 174:
0)	0.313624
1)	-0.00687378
2)	0.0858301
3)	-0.0637223
4)	-0.287558
5)	0.19391
6)	0.0874479
7)	0.440993
8)	-0.0717359
9)	0.000776219
10)	0.254457
11)	0.147361
12)	0.294268
13)	0.26582
14)	0.0482672
15)	-0.100118

Individual: 175:
0)	0.32126
1)	0.208319
2)	0.0639269
3)	-0.0745444
4)	-0.305384
5)	0.0308656
6)	0.143779
7)	0.449692
8)	-0.0921988
9)	-0.00210471
10)	0.252938
11)	0.238599
12)	0.302454
13)	0.215191
14)	0.0461889
15)	-0.101809

Individual: 176:
0)	0.6612
1)	-0.164565
2)	-0.182111
3)	-0.106294
4)	-0.169528
5)	0.0956152
6)	0.0400775
7)	0.472112
8)	-0.278331
9)	0.106506
10)	0.242271
11)	0.140576
12)	0.275364
13)	0.388063
14)	-0.20592
15)	0.00823397

Individual: 177:
0)	0.415671
1)	-0.0616435
2)	0.0241931
3)	-0.100953
4)	-0.174328
5)	-0.0131804
6)	-0.0764178
7)	0.453412
8)	-0.250008
9)	0.134779
10)	0.458335
11)	0.231185
12)	0.290122
13)	0.463713
14)	0.0678821
15)	0.139467

Individual: 178:
0)	0.353631
1)	0.0378778
2)	0.0147055
3)	-0.19239
4)	-0.256485
5)	0.0977612
6)	0.202215
7)	0.311492
8)	-0.25742
9)	0.104645
10)	0.32828
11)	0.203532
12)	0.394
13)	0.448918
14)	-0.00314161
15)	-0.0274594

Individual: 179:
0)	0.156983
1)	0.048202
2)	0.269813
3)	-0.281392
4)	-0.257555
5)	0.106035
6)	0.209704
7)	0.289195
8)	-0.235659
9)	0.249809
10)	0.326489
11)	0.464979
12)	0.21335
13)	0.462675
14)	-0.00253184
15)	-0.0259678

Individual: 180:
0)	0.44148
1)	-0.272325
2)	0.0201586
3)	-0.0913895
4)	-0.442746
5)	0.0824043
6)	0.163847
7)	0.474885
8)	-0.201283
9)	0.0911351
10)	0.0949842
11)	0.236491
12)	0.255917
13)	0.294988
14)	-0.301859
15)	-0.0268038

Individual: 181:
0)	0.749862
1)	0.0149811
2)	0.0205507
3)	-0.107839
4)	-0.444979
5)	0.0835946
6)	0.176953
7)	0.471576
8)	-0.256947
9)	0.124914
10)	0.368978
11)	0.249686
12)	0.0650608
13)	0.272382
14)	-0.41129
15)	-0.0292382

Individual: 182:
0)	0.478408
1)	-0.0296788
2)	0.0240868
3)	-0.0735851
4)	-0.197263
5)	0.106813
6)	-0.0256402
7)	0.552935
8)	-0.275771
9)	0.0216088
10)	0.350184
11)	0.366212
12)	0.424203
13)	0.515184
14)	0.0226704
15)	0.0420434

Individual: 183:
0)	0.530549
1)	-0.000443057
2)	0.0247684
3)	-0.0656168
4)	-0.321077
5)	0.108805
6)	-0.244744
7)	0.557636
8)	-0.249044
9)	0.131442
10)	0.367913
11)	0.50309
12)	0.42457
13)	0.51871
14)	0.129444
15)	-0.168865

Individual: 184:
0)	0.374385
1)	0.142944
2)	0.0182203
3)	-0.061311
4)	-0.46785
5)	0.08445
6)	0.0795129
7)	0.459795
8)	-0.25339
9)	0.291438
10)	0.147095
11)	0.176607
12)	0.350818
13)	0.347206
14)	0.0776747
15)	0.0132543

Individual: 185:
0)	0.36378
1)	-0.0386492
2)	0.0182788
3)	-0.0868012
4)	-0.406108
5)	0.0768118
6)	0.0800445
7)	0.477553
8)	-0.24689
9)	0.078273
10)	0.260683
11)	0.355041
12)	0.253887
13)	0.32416
14)	0.0768456
15)	0.0253538

Individual: 186:
0)	0.373993
1)	-0.0448232
2)	0.0211218
3)	-0.232188
4)	-0.252019
5)	-0.0146095
6)	0.0160784
7)	0.324495
8)	-0.280523
9)	0.1467
10)	0.271569
11)	0.426048
12)	0.591482
13)	0.184114
14)	0.0776659
15)	-0.248849

Individual: 187:
0)	0.389288
1)	-0.0492588
2)	0.0637512
3)	-0.0745337
4)	-0.288136
5)	0.266747
6)	0.0352074
7)	0.544742
8)	-0.269858
9)	0.174959
10)	0.269798
11)	0.403449
12)	0.595926
13)	0.2753
14)	0.0851808
15)	-0.137362

Individual: 188:
0)	0.299297
1)	-0.0744209
2)	0.0101051
3)	-0.0415285
4)	-0.432991
5)	-0.0521499
6)	0.0307842
7)	0.375801
8)	-0.134866
9)	0.127775
10)	0.287101
11)	0.241245
12)	0.410108
13)	0.430979
14)	0.0142227
15)	-0.0391214

Individual: 189:
0)	0.251169
1)	-0.0722596
2)	0.000857896
3)	-0.0420822
4)	-0.352654
5)	-0.032842
6)	0.199148
7)	0.394739
8)	-0.135393
9)	0.107322
10)	0.302314
11)	0.239434
12)	0.403395
13)	0.627063
14)	0.0110629
15)	0.00185386

Individual: 190:
0)	0.329592
1)	-0.0723383
2)	0.0206118
3)	-0.420309
4)	-0.405412
5)	0.174242
6)	0.0963544
7)	0.267005
8)	-0.325894
9)	0.040667
10)	0.332547
11)	0.133448
12)	0.285934
13)	0.234988
14)	0.106069
15)	-0.180298

Individual: 191:
0)	0.329769
1)	-0.106247
2)	0.0212196
3)	-0.13396
4)	-0.426101
5)	0.0408498
6)	0.0523195
7)	0.261597
8)	-0.342407
9)	-0.00329958
10)	0.0473679
11)	0.151944
12)	0.292606
13)	0.18325
14)	0.248242
15)	-0.179555

Individual: 192:
0)	0.358838
1)	0.0380439
2)	0.0153506
3)	-0.304885
4)	-0.349847
5)	0.327187
6)	0.122795
7)	0.288556
8)	-0.227978
9)	0.162805
10)	0.204908
11)	0.16188
12)	0.0637736
13)	0.410668
14)	0.0268081
15)	-0.0202374

Individual: 193:
0)	0.311618
1)	-0.0148566
2)	0.0154557
3)	-0.277716
4)	-0.436693
5)	0.137577
6)	0.377843
7)	0.195313
8)	-0.298064
9)	-0.148959
10)	0.427703
11)	0.160059
12)	0.230855
13)	0.440055
14)	0.0171398
15)	0.117369

Individual: 194:
0)	0.411028
1)	0.225293
2)	0.0232217
3)	0.0288121
4)	-0.348581
5)	0.128132
6)	0.154545
7)	0.617415
8)	-0.205114
9)	0.412788
10)	0.292539
11)	0.201109
12)	0.319611
13)	0.344723
14)	-0.159643
15)	-0.0307613

Individual: 195:
0)	0.172561
1)	0.235577
2)	-0.238657
3)	-0.107084
4)	-0.282822
5)	0.128219
6)	0.0904939
7)	0.501531
8)	0.1428
9)	0.41706
10)	0.149891
11)	0.233987
12)	0.329791
13)	0.322731
14)	0.00168843
15)	-0.0807429

Individual: 196:
0)	0.327342
1)	0.369034
2)	0.0245851
3)	-0.322812
4)	-0.346998
5)	0.0743607
6)	0.163613
7)	0.512675
8)	-0.230505
9)	0.227934
10)	0.301434
11)	0.0924212
12)	0.0979551
13)	0.0940063
14)	-0.282907
15)	0.0131176

Individual: 197:
0)	0.383831
1)	0.14962
2)	0.178501
3)	-0.258384
4)	-0.336972
5)	0.0651603
6)	0.186653
7)	0.512379
8)	-0.171447
9)	0.181495
10)	0.34134
11)	0.139192
12)	0.131469
13)	0.17188
14)	-0.117443
15)	-0.0840112

Individual: 198:
0)	0.436736
1)	0.161301
2)	0.0401476
3)	-0.143336
4)	-0.24177
5)	0.100601
6)	0.0711965
7)	0.562615
8)	-0.327273
9)	0.111975
10)	0.329781
11)	0.161481
12)	0.264744
13)	0.478975
14)	0.0108103
15)	-0.311917

Individual: 199:
0)	0.400875
1)	-0.00287336
2)	0.0744797
3)	-0.140493
4)	-0.33776
5)	0.0742598
6)	0.15356
7)	0.44728
8)	-0.167246
9)	0.0904657
10)	0.314789
11)	0.173354
12)	0.53954
13)	0.380454
14)	0.0342096
15)	0.173549

Individual: 200:
0)	0.43142
1)	0.0427859
2)	0.0189199
3)	-0.139013
4)	-0.346316
5)	0.0603
6)	0.0618181
7)	0.246862
8)	-0.365123
9)	0.195782
10)	0.482628
11)	0.0681065
12)	0.512385
13)	0.38509
14)	0.169432
15)	-0.0826016


// ----------------------------------------------------------- //

